generation,prey_fitness,predator_fitness,num_alive_end,avg_bb_size,var_bb_size,avg_shortest_dist,swarm_density_count,prey_neurons_connected_prey_retina,prey_neurons_connected_predator_retina,predator_neurons_connected_prey_retina,mutual_info
1,75576.000000,24424.000000,28,63515.045280,6602150.466859,1213.071854,0.529016,5,1,1,0.003974
1,70554.000000,29446.000000,21,219268.191278,2526392185.840957,2780.410843,0.460036,5,1,1,0.031196
2,77894.000000,22106.000000,27,230845.010605,2132078310.005030,2601.542423,0.499172,5,1,1,0.022114
3,73235.000000,26765.000000,28,227875.412917,2031199446.882610,2628.588831,0.638011,5,1,1,0.016012
4,71490.000000,28510.000000,26,230367.031406,1988048733.842904,3051.498321,0.387842,5,1,1,0.013975
5,74778.000000,25222.000000,25,230436.975700,1955867070.746783,2899.999570,0.536133,5,1,1,0.016930
6,64168.000000,35832.000000,12,63810.155776,145249300.110982,955.670479,0.876562,5,1,1,0.002258
7,68636.000000,31364.000000,18,66425.253380,49348891.114163,950.101062,1.035245,5,1,1,0.002967
8,89968.000000,10032.000000,41,102653.711681,237245435.778605,920.588371,0.897766,3,1,2,0.005687
9,73594.000000,26406.000000,24,77354.965335,45433879.849315,1094.011534,0.749431,3,1,1,0.002703
10,72860.000000,27140.000000,23,93513.258850,67804927.069032,1114.307191,0.829907,6,1,1,0.007999
11,71604.000000,28396.000000,27,98195.784425,173060666.688602,1283.507417,0.869223,6,1,1,0.005775
12,72205.000000,27795.000000,25,86775.839147,56862853.433500,1114.172479,0.906278,6,1,1,0.006227
13,63308.000000,36692.000000,15,69643.805014,371161482.144558,958.998058,1.130776,6,1,1,0.011700
14,72366.000000,27634.000000,25,101365.446868,142220266.613222,1442.348126,0.784195,6,1,1,0.008794
15,68854.000000,31146.000000,21,91232.709226,96866289.164383,1251.987779,0.844110,6,1,1,0.008057
16,71167.000000,28833.000000,24,98860.589222,151249326.753374,1221.151221,0.798315,6,1,1,0.006174
17,81683.000000,18317.000000,30,105501.056978,153248039.551578,1078.991971,0.847623,6,1,1,0.008539
18,77638.000000,22362.000000,26,105458.165990,561640695.664046,955.313592,1.146354,7,0,2,0.030060
19,80125.000000,19875.000000,29,121908.013909,592662011.609824,954.544268,1.121742,7,0,1,0.024374
20,64074.000000,35926.000000,18,105442.066877,413489876.185276,1429.105878,0.985218,7,0,1,0.031850
21,70578.000000,29422.000000,21,111131.017516,281632353.868353,1342.572209,0.869411,7,0,1,0.032295
22,73469.000000,26531.000000,23,124581.649022,574535083.782848,1306.323141,0.940536,4,0,1,0.022446
23,81237.000000,18763.000000,30,151757.459691,515744146.088963,1492.263261,0.916906,4,0,1,0.022342
24,79034.000000,20966.000000,31,132147.295245,351720793.314872,1356.163479,0.794038,4,0,1,0.017913
25,91801.000000,8199.000000,42,174951.710282,1075715154.739119,1531.431551,0.856313,4,0,0,0.000000
26,71892.000000,28108.000000,23,137882.047019,655039580.718862,1447.930807,0.689670,4,0,1,0.025267
27,81006.000000,18994.000000,33,122915.687054,199735764.390996,1211.636866,0.958778,4,0,1,0.022855
28,85207.000000,14793.000000,34,130153.875120,337545950.714764,1262.562381,1.085409,4,0,1,0.013106
29,84255.000000,15745.000000,35,124871.330584,320670590.947881,1210.189668,1.149761,4,0,2,0.021900
30,77232.000000,22768.000000,29,116163.680129,523288777.871508,1240.599478,0.999223,4,0,1,0.042460
31,75849.000000,24151.000000,28,131907.218094,385841628.973824,1471.983585,0.764090,4,0,1,0.017564
32,73593.000000,26407.000000,24,109177.854596,840339222.978419,1224.228667,0.961397,4,0,2,0.021378
33,74851.000000,25149.000000,25,119497.456861,445872130.208571,1266.607909,1.091845,4,0,1,0.016940
34,73948.000000,26052.000000,25,118781.204703,382271744.746707,1399.588095,0.849068,4,0,1,0.013718
35,76074.000000,23926.000000,28,124798.717686,316852863.015373,1236.713375,0.902974,4,0,1,0.020222
36,84511.000000,15489.000000,36,124113.035751,304294552.276670,1250.231711,0.997149,4,0,1,0.008914
37,78405.000000,21595.000000,31,130503.848988,349901196.340306,1342.726272,0.937675,4,0,1,0.025405
38,77444.000000,22556.000000,28,130589.664384,187329448.892826,1356.751354,0.903568,4,0,2,0.041175
39,74001.000000,25999.000000,24,104772.339466,373449212.521167,1046.489552,1.021016,4,0,1,0.036479
40,91865.000000,8135.000000,41,159479.011246,598043280.070291,1283.963346,0.907661,4,0,1,0.020807
41,79332.000000,20668.000000,28,116283.730849,390663371.780246,1154.112017,1.052791,4,0,1,0.012841
42,71153.000000,28847.000000,20,96016.163230,691856119.243061,1108.921859,1.160802,4,0,2,0.018995
43,80084.000000,19916.000000,30,133095.860367,664954685.894019,1500.743980,0.924875,4,0,3,0.019060
44,83440.000000,16560.000000,32,131211.514770,556851689.009522,1138.805191,1.026246,4,0,1,0.014195
45,73316.000000,26684.000000,27,143017.463199,389253056.092732,1523.400567,0.757555,4,0,1,0.031890
46,71176.000000,28824.000000,22,165478.807649,536641576.205828,1745.832329,0.659566,4,0,4,0.029615
47,92412.000000,7588.000000,42,177338.675703,978078467.028026,1245.993032,0.877135,4,0,1,0.015014
48,74904.000000,25096.000000,26,122339.421358,798457338.060948,1320.103378,0.840419,4,0,2,0.019614
49,82325.000000,17675.000000,30,159390.184434,623910872.861087,1500.969231,0.978815,4,0,1,0.010043
50,86342.000000,13658.000000,35,143248.558749,433524535.437517,1309.635904,0.889583,4,0,2,0.031066
51,68853.000000,31147.000000,21,104656.453359,540125404.111727,1098.142828,0.945933,4,0,1,0.021798
52,95310.000000,4690.000000,46,182054.339388,997630846.287321,1633.933281,0.894886,4,0,1,0.012069
53,80299.000000,19701.000000,31,126767.526208,458313951.247861,1204.356536,0.887697,4,0,2,0.039184
54,75655.000000,24345.000000,27,132282.721647,475411237.554412,1311.125536,0.863913,4,0,1,0.020790
55,78061.000000,21939.000000,28,102253.865642,341447894.074557,978.870845,1.263181,4,0,2,0.015561
56,69477.000000,30523.000000,21,103758.501977,654684332.053363,1166.513765,0.989512,4,0,2,0.024837
57,70247.000000,29753.000000,23,125160.182782,724090722.819250,1429.551161,0.804499,4,0,1,0.024667
58,78688.000000,21312.000000,29,161516.430425,863721391.769633,1386.130840,0.792522,4,0,3,0.024090
59,80703.000000,19297.000000,31,129464.440832,286574251.328609,1217.321963,1.033378,4,0,1,0.014810
60,71107.000000,28893.000000,19,93956.689587,890244608.879835,1054.598776,1.175915,4,0,2,0.026561
61,68427.000000,31573.000000,20,97243.826767,903266268.259254,1131.296998,1.108353,4,0,1,0.020660
62,74221.000000,25779.000000,22,99464.547732,304819630.530441,1052.901822,1.183773,4,0,1,0.014942
63,77400.000000,22600.000000,26,136898.677862,744418050.289238,1275.049329,0.908288,4,0,1,0.015887
64,72977.000000,27023.000000,24,109910.411379,425092618.177541,1290.657665,0.902711,4,0,2,0.015753
65,70459.000000,29541.000000,22,128831.256159,816523886.149455,1390.987620,0.889364,4,0,1,0.027806
66,73408.000000,26592.000000,27,108338.546309,229123429.756266,1170.715156,0.918288,4,0,3,0.027468
67,68185.000000,31815.000000,19,105330.949120,715285170.299753,1301.090397,0.916722,4,0,3,0.028958
68,78624.000000,21376.000000,29,144674.455083,715867076.062768,1331.261319,1.028510,4,0,1,0.025492
69,74637.000000,25363.000000,25,118455.263143,320601759.664731,1394.156680,0.930920,4,0,2,0.016926
70,80287.000000,19713.000000,30,141851.972834,518605319.244063,1430.983972,0.958246,4,0,2,0.025369
71,73764.000000,26236.000000,23,118057.643660,663045251.404925,1225.683549,1.036044,4,0,1,0.037472
72,73245.000000,26755.000000,27,142844.955695,645572497.001622,1620.714254,0.932157,4,0,2,0.024835
73,80395.000000,19605.000000,31,108074.542281,243267865.735312,1056.631587,1.166338,4,0,3,0.009631
74,76488.000000,23512.000000,24,116645.033142,589993622.707190,1088.912364,1.122920,4,0,1,0.015769
75,73490.000000,26510.000000,25,110605.795809,573373309.492585,1071.464808,1.081527,4,0,1,0.027424
76,82838.000000,17162.000000,33,142140.003615,590598743.050035,1288.637634,1.149889,4,0,2,0.016435
77,73662.000000,26338.000000,25,116927.488678,484885561.031661,1346.848744,0.875438,4,0,2,0.038542
78,68051.000000,31949.000000,22,122541.946166,663941582.584315,1454.119288,0.891838,4,0,2,0.017620
79,67588.000000,32412.000000,20,132710.061172,620952737.022246,1818.718650,0.737712,4,0,2,0.024201
80,73776.000000,26224.000000,25,140946.567006,544172485.947634,1388.821185,0.878345,4,0,2,0.030556
81,72881.000000,27119.000000,21,122827.099250,635922629.154104,1306.049901,0.862906,4,0,2,0.015891
82,66310.000000,33690.000000,16,103247.263711,539328172.344240,1230.312656,0.955090,4,0,4,0.022741
83,75951.000000,24049.000000,27,122476.282990,519058633.205315,1237.842430,0.920303,4,0,2,0.016769
84,73771.000000,26229.000000,25,112173.411822,585083414.275149,1303.364767,0.939165,4,0,1,0.018787
85,76323.000000,23677.000000,27,112456.238646,828388032.223793,1028.177649,1.049637,4,0,2,0.027399
86,73034.000000,26966.000000,23,110753.424557,715796940.692082,1156.463745,0.866988,4,0,2,0.031683
87,74785.000000,25215.000000,27,128225.512940,623630871.740877,1429.553947,0.879530,4,0,2,0.033041
88,95136.000000,4864.000000,40,150592.049561,574258219.774647,1087.103802,1.128982,4,0,1,0.029353
89,74474.000000,25526.000000,22,120195.647111,710243159.007701,1356.571432,0.867594,4,0,2,0.017548
90,73868.000000,26132.000000,26,124680.277460,451279429.461160,1225.242583,0.980464,4,0,2,0.030107
91,65752.000000,34248.000000,18,131087.750565,660406463.170725,1682.226789,0.697567,4,0,1,0.039002
92,99488.000000,512.000000,49,141763.661528,466219926.444769,1014.776494,1.146358,4,0,2,0.011786
93,82309.000000,17691.000000,31,133654.438161,1016755419.226590,1295.465229,0.922156,3,1,2,0.017407
94,74220.000000,25780.000000,23,105609.673124,1475417023.706971,1086.312089,1.135868,3,1,2,0.014537
95,76736.000000,23264.000000,29,109333.632386,617029439.741043,971.481552,1.120499,3,1,4,0.023749
96,67261.000000,32739.000000,21,130878.551351,338062210.315240,1547.886493,0.805675,3,1,2,0.020929
97,77450.000000,22550.000000,30,161206.713520,791755634.720482,1664.455560,0.696105,2,0,2,0.013955
98,76368.000000,23632.000000,29,128712.435099,405685730.143987,1363.597274,0.976825,2,0,2,0.016166
99,77782.000000,22218.000000,28,153800.346129,764490106.491456,1614.148604,0.672956,2,0,2,0.011587
100,79559.000000,20441.000000,29,137896.792023,310771225.046647,1344.153519,0.810547,2,0,2,0.014576
101,76405.000000,23595.000000,28,154692.852351,869240194.310694,1851.565570,0.778326,2,0,2,0.024577
102,77866.000000,22134.000000,31,139408.101212,451854825.096006,1508.113612,0.912432,2,0,2,0.016670
103,82122.000000,17878.000000,34,156023.897949,788625369.773824,1584.946647,0.802501,2,0,2,0.038157
104,79051.000000,20949.000000,30,152085.380566,590362679.659905,1660.085569,0.807504,2,0,2,0.017820
105,77215.000000,22785.000000,29,151247.504553,592503917.349987,1733.942784,0.713952,2,0,2,0.017199
106,76290.000000,23710.000000,23,128441.356560,559700852.537177,1502.276281,0.857756,2,0,2,0.017162
107,78826.000000,21174.000000,32,122404.675935,246531766.912496,1361.948188,0.940315,2,0,2,0.013354
108,79855.000000,20145.000000,30,131619.714488,408558569.294261,1427.825192,1.005180,2,0,2,0.012719
109,75104.000000,24896.000000,28,129411.543600,513202787.717079,1455.598934,0.919251,2,0,2,0.015773
110,71661.000000,28339.000000,24,117630.940889,266454409.834216,1451.229242,0.892121,2,0,2,0.014012
111,82166.000000,17834.000000,30,157044.234400,907070018.700900,1486.501199,0.833890,2,0,2,0.011349
112,72821.000000,27179.000000,25,143370.017023,603506589.154866,1665.621374,0.824683,2,0,2,0.011559
113,77474.000000,22526.000000,28,114085.054461,420346057.608845,1359.827843,1.032372,2,0,2,0.012125
114,87068.000000,12932.000000,37,147963.234714,557084595.980983,1462.708344,0.939745,2,0,2,0.010522
115,78587.000000,21413.000000,29,151713.839036,821235646.726489,1719.888168,0.757027,2,0,2,0.016337
116,79192.000000,20808.000000,31,136176.567608,436321935.594453,1503.869878,0.840887,2,0,2,0.025624
117,74820.000000,25180.000000,27,145241.129619,555945397.101290,1874.740819,0.786895,2,0,2,0.014011
118,73407.000000,26593.000000,25,133805.453370,675584007.085550,1642.015290,0.868771,2,0,2,0.018657
119,74576.000000,25424.000000,28,218234.206546,1326701867.418593,2307.265844,0.657968,2,0,2,0.064841
120,76601.000000,23399.000000,29,206242.663402,1482716788.528181,2120.336033,0.898163,2,0,2,0.057854
121,80077.000000,19923.000000,32,206183.340444,1449676295.203800,2235.993713,0.876195,2,0,2,0.095835
122,76369.000000,23631.000000,26,213337.829805,1687732013.159979,2160.173970,0.665284,2,0,1,0.046656
123,75428.000000,24572.000000,25,192864.956523,1439735169.650564,1594.336825,0.900712,2,0,2,0.039722
124,77738.000000,22262.000000,28,204294.181490,1635873640.279468,2068.800548,0.601995,2,0,1,0.053263
125,80687.000000,19313.000000,32,197505.927282,1337041636.562154,1744.102376,0.796337,2,0,2,0.044295
126,81209.000000,18791.000000,31,209190.853263,1706335489.964435,2005.153579,0.719775,2,0,1,0.086786
127,82039.000000,17961.000000,31,209204.781326,1417816369.006391,1994.345643,0.957041,2,0,2,0.069285
128,78322.000000,21678.000000,28,214411.753335,1759356506.298091,2062.476691,0.819626,2,0,2,0.056924
129,74434.000000,25566.000000,28,198817.690877,1717373656.085627,2442.273712,0.710928,2,0,2,0.114143
130,76105.000000,23895.000000,28,205644.895572,1598464575.330026,2288.605682,0.625542,2,0,1,0.112650
131,84582.000000,15418.000000,32,213899.579807,1506445287.531102,1807.821836,0.843488,2,0,2,0.055501
132,84059.000000,15941.000000,35,204395.599933,1475182821.527737,1840.107814,0.804797,2,0,1,0.153896
133,75853.000000,24147.000000,27,203490.473922,1227562034.029616,2208.769911,0.811429,2,0,2,0.069876
134,80279.000000,19721.000000,29,203305.588751,1345725396.239353,1989.572827,0.888897,2,0,2,0.079676
135,77723.000000,22277.000000,26,211785.098243,1423098565.492677,2648.249199,0.562735,2,0,1,0.038222
136,69753.000000,30247.000000,24,197555.738920,1224619032.221877,2427.657265,0.589944,2,0,1,0.069416
137,77813.000000,22187.000000,30,208152.588041,1508891411.773248,2249.699865,0.553310,2,0,1,0.101585
138,82176.000000,17824.000000,36,205911.201480,948666270.001399,2105.427002,0.728398,2,0,1,0.090594
139,77809.000000,22191.000000,31,223358.140378,1239863547.789754,2530.794176,0.426007,2,0,1,0.025178
140,69983.000000,30017.000000,20,204473.798873,1511403891.975750,2613.633730,0.424662,2,0,1,0.061446
141,77217.000000,22783.000000,27,212637.493080,1037399910.648436,2548.765958,0.466886,2,0,2,0.081830
142,76508.000000,23492.000000,27,212233.516675,1380044507.127002,2614.590396,0.491592,2,0,1,0.038592
143,79678.000000,20322.000000,31,216618.045787,1289023515.120327,2590.641464,0.534584,2,0,1,0.048528
144,74478.000000,25522.000000,26,200911.018950,1168500106.743999,2506.362323,0.471360,2,0,1,0.023261
145,69929.000000,30071.000000,24,217988.847953,1607721540.086464,2497.045814,0.427002,2,0,1,0.033219
146,81673.000000,18327.000000,34,225018.292198,1311095585.515868,2506.516738,0.402187,2,0,1,0.030367
147,71975.000000,28025.000000,22,208954.385843,1282743977.777441,3010.909496,0.458935,2,0,1,0.036053
148,78770.000000,21230.000000,28,215072.568987,1279566778.703307,2453.113803,0.570003,2,0,1,0.023563
149,78313.000000,21687.000000,28,215291.323306,1486977256.769757,2547.182603,0.472238,2,0,1,0.019501
150,73085.000000,26915.000000,24,209360.677718,1269411572.450481,2620.743680,0.525986,2,0,2,0.044590
151,76735.000000,23265.000000,29,213621.353190,1270822542.706864,2585.680039,0.476972,2,0,1,0.054685
152,78573.000000,21427.000000,31,209103.999724,1304587933.804561,2360.339548,0.484345,2,0,2,0.182071
153,75503.000000,24497.000000,29,207290.908370,1171599156.321301,2451.077714,0.483688,2,0,1,0.057934
154,84151.000000,15849.000000,32,214362.470461,1192020678.780581,2169.584669,0.521468,2,0,2,0.020414
155,74779.000000,25221.000000,28,215601.131123,1276124949.764198,2719.203300,0.426993,2,0,1,0.035184
156,77371.000000,22629.000000,30,212190.540684,1192201622.870414,2685.087076,0.476487,2,0,2,0.037580
157,76023.000000,23977.000000,28,212340.230763,1311030692.739957,2673.329663,0.432682,2,0,1,0.028773
158,75365.000000,24635.000000,27,199949.161132,1355102676.397867,2475.587673,0.482367,2,0,1,0.053387
159,76573.000000,23427.000000,28,220237.089795,1319727806.241989,2754.172175,0.427466,2,0,2,0.027034
160,68883.000000,31117.000000,24,223607.974137,1118794838.870908,2897.508785,0.383715,2,0,1,0.036307
161,94814.000000,5186.000000,46,235047.425601,1295836075.148278,2144.334694,0.485803,2,0,1,0.005672
162,74047.000000,25953.000000,26,209093.505467,1295108573.284546,2736.551601,0.410572,2,0,1,0.047130
163,72898.000000,27102.000000,26,210269.013090,1015484822.156042,2898.384937,0.429186,2,0,2,0.089478
164,91276.000000,8724.000000,40,232985.486887,1254265496.844454,2443.480876,0.463468,2,0,1,0.005878
165,76921.000000,23079.000000,29,209572.515901,1363123281.960207,2263.158926,0.530703,2,0,1,0.039643
166,78969.000000,21031.000000,30,220395.118311,1344273396.782592,2832.568115,0.393862,2,0,1,0.101326
167,72522.000000,27478.000000,27,211641.184725,1433057177.963041,2623.878239,0.425103,2,0,1,0.052094
168,69315.000000,30685.000000,23,218809.756134,1226294032.923477,3087.213290,0.404351,2,0,2,0.045376
169,86122.000000,13878.000000,38,223322.792329,1452331416.145364,2169.274313,0.518087,2,0,1,0.032403
170,78942.000000,21058.000000,28,208365.664300,1753462553.348571,2277.941999,0.480848,2,0,1,0.054882
171,78930.000000,21070.000000,30,217503.541467,1089822071.387166,2541.291705,0.544249,2,0,1,0.026679
172,80982.000000,19018.000000,30,225743.346896,1352644098.605301,2350.481035,0.456537,2,0,1,0.034327
173,72491.000000,27509.000000,26,210672.138760,1256416525.849246,2810.080015,0.456784,2,0,1,0.073403
174,78051.000000,21949.000000,30,226604.902555,1468319632.639058,2742.262827,0.451839,2,0,2,0.028535
175,83760.000000,16240.000000,33,223231.159565,1362605075.035637,2378.821818,0.480714,2,0,1,0.043036
176,81900.000000,18100.000000,33,137736.757604,370757128.391888,1509.756471,0.802397,2,0,2,0.012623
177,75387.000000,24613.000000,27,142311.783852,423281806.639397,1657.528370,0.802349,2,0,1,0.012456
178,71701.000000,28299.000000,19,116071.442835,564327132.562920,1433.505380,0.866348,2,0,1,0.021725
179,73887.000000,26113.000000,29,124762.900691,612017889.027576,1362.492454,0.943689,2,0,1,0.012438
180,79713.000000,20287.000000,26,134342.645528,688086456.977810,1336.348979,0.923052,2,0,1,0.028210
181,74092.000000,25908.000000,24,120984.611954,710140266.059742,1395.326898,0.941809,2,0,1,0.013743
182,76117.000000,23883.000000,28,124961.660204,642904689.689539,1474.109785,0.817303,2,0,1,0.013322
183,64011.000000,35989.000000,19,98042.323788,508992710.861232,1443.886411,0.954133,2,0,1,0.017085
184,80042.000000,19958.000000,33,140832.558812,610727160.292393,1513.241230,0.952799,2,0,1,0.046359
185,75704.000000,24296.000000,27,126614.445951,534138010.769993,1411.601757,0.760659,2,0,1,0.016240
186,70453.000000,29547.000000,24,126252.760560,402161626.530847,1719.275823,0.789253,2,0,1,0.027642
187,75702.000000,24298.000000,28,149073.611267,997928510.312895,1607.915759,0.757608,2,0,1,0.028528
188,80953.000000,19047.000000,29,143092.711734,520028096.662786,1461.570062,0.884680,2,0,1,0.014993
189,79078.000000,20922.000000,32,136594.925802,647065352.526418,1438.909490,0.836276,2,0,1,0.020050
190,70189.000000,29811.000000,23,150168.808033,493462664.957954,2142.011807,0.702809,2,0,1,0.032391
191,76867.000000,23133.000000,28,133271.501354,592015285.457597,1517.135454,0.806256,2,0,1,0.009463
192,71218.000000,28782.000000,24,121120.043633,277089514.556155,1485.724126,0.754021,2,0,1,0.020245
193,76328.000000,23672.000000,26,117028.299973,460991982.133218,1338.747823,0.866133,2,0,1,0.015067
194,75372.000000,24628.000000,28,115070.210911,234876739.364627,1344.316739,0.877464,2,0,1,0.013006
195,82847.000000,17153.000000,34,161533.168655,698629339.208081,1868.571960,0.779428,2,0,2,0.012115
196,75368.000000,24632.000000,26,130901.772722,396060619.347659,1418.104785,0.800652,2,0,1,0.016694
197,77295.000000,22705.000000,27,146047.577641,589956941.967524,1627.155363,0.772750,2,0,1,0.009776
198,67365.000000,32635.000000,21,111274.521044,578797739.101811,1549.327091,0.931357,2,0,1,0.025832
199,70422.000000,29578.000000,24,133180.902597,246350870.935554,1644.221926,0.649559,2,0,1,0.019671
200,74171.000000,25829.000000,24,133483.477800,557027468.200163,1518.407435,0.782193,2,0,1,0.025000
201,70564.000000,29436.000000,23,122153.717987,262843388.405332,1643.740564,0.777252,2,0,1,0.019733
202,71500.000000,28500.000000,24,113710.019990,264829542.374595,1429.154085,0.796733,2,0,1,0.010751
203,69370.000000,30630.000000,23,116766.287199,408079259.731518,1585.555267,0.860346,2,0,1,0.011121
204,74040.000000,25960.000000,25,124783.629932,281009618.909332,1526.616660,0.733093,2,0,1,0.015117
205,85118.000000,14882.000000,37,178401.430429,1150889528.118474,1849.244235,0.711584,2,0,1,0.008889
206,85090.000000,14910.000000,38,178185.657418,1067869282.544258,1828.331134,0.646466,2,0,0,0.003488
207,75700.000000,24300.000000,28,158487.696347,1153603040.822349,1969.954989,0.664069,2,0,1,0.007413
208,79834.000000,20166.000000,27,154625.133593,625434086.045215,1861.196920,0.832136,2,0,1,0.012992
209,86654.000000,13346.000000,38,157656.618148,784946898.934040,1389.847884,0.947936,2,0,1,0.026876
210,80015.000000,19985.000000,30,127868.349880,464960896.794396,1421.082566,1.107097,2,0,1,0.015279
211,72296.000000,27704.000000,28,145656.565412,645438556.098980,1682.687957,0.741056,2,0,2,0.015941
212,74623.000000,25377.000000,27,202112.594587,1287956297.424720,2313.828940,0.508969,2,0,2,0.031050
213,83519.000000,16481.000000,33,194632.697704,1187006521.839915,2122.493060,0.563462,2,0,1,0.034106
214,75691.000000,24309.000000,27,204070.076998,1213999764.599028,2523.749357,0.463899,2,0,1,0.020383
215,74693.000000,25307.000000,25,195662.402214,1104109700.001656,2348.228852,0.512657,2,0,1,0.074312
216,77215.000000,22785.000000,27,209917.956547,1000941500.597743,2424.021578,0.499985,2,0,2,0.057263
217,78826.000000,21174.000000,27,213068.000599,1262580090.401854,2562.780559,0.540447,2,0,2,0.016513
218,71821.000000,28179.000000,27,183841.086490,1345485843.201815,2465.093360,0.565208,2,0,1,0.043304
219,72393.000000,27607.000000,27,188854.029777,1266566955.337258,2554.711344,0.509103,2,0,1,0.100905
220,75713.000000,24287.000000,28,205849.766645,1052998656.390388,2557.209241,0.495545,2,0,1,0.070809
221,78628.000000,21372.000000,30,204481.665742,1334421785.155194,2448.096166,0.566154,2,0,1,0.056132
222,78916.000000,21084.000000,30,211395.510088,1301679328.981673,2179.203964,0.539788,2,0,1,0.044511
223,85710.000000,14290.000000,36,224948.331432,1165134141.211568,2286.716642,0.489700,2,0,1,0.023715
224,80882.000000,19118.000000,30,196856.830368,1247920931.724243,2130.854466,0.704700,2,0,1,0.026706
225,77039.000000,22961.000000,26,215822.747899,1461010636.771997,2670.962341,0.503481,2,0,1,0.012828
226,82596.000000,17404.000000,33,212095.494613,1252093447.632308,2224.390965,0.545674,2,0,1,0.031883
227,71458.000000,28542.000000,25,202661.919800,1664262765.942379,2607.751723,0.474468,2,0,1,0.081120
228,75575.000000,24425.000000,27,200838.559327,1651892563.392025,2288.911268,0.514643,2,0,3,0.038952
229,82088.000000,17912.000000,31,189347.912983,972884144.025005,1774.418271,0.620629,2,0,1,0.044791
230,83325.000000,16675.000000,34,206857.495212,1184319959.431916,2157.107141,0.554537,2,0,1,0.062568
231,81075.000000,18925.000000,31,202502.512258,1134845396.696058,2070.422246,0.607568,2,0,1,0.081688
232,72278.000000,27722.000000,25,229960.216575,1601099939.217652,2839.878637,0.595811,2,0,1,0.045441
233,73149.000000,26851.000000,24,218102.161405,1373069412.722325,2225.556285,0.595969,2,0,1,0.044875
234,74006.000000,25994.000000,24,223706.280265,1367113449.179291,2756.865807,0.523144,2,0,1,0.045620
235,64452.000000,35548.000000,19,208722.801085,1496443232.330020,3379.790186,0.489411,2,0,1,0.055752
236,73973.000000,26027.000000,24,220905.172245,1487631615.395021,2420.770435,0.450300,2,0,1,0.017642
237,67747.000000,32253.000000,22,221698.812247,1607625661.706930,3036.363114,0.473886,2,0,1,0.035971
238,75907.000000,24093.000000,26,224550.230387,1352443848.584648,2597.899668,0.496762,2,0,1,0.055615
239,71020.000000,28980.000000,21,224401.888085,1527487596.605822,2562.014960,0.492520,2,0,1,0.027335
240,71239.000000,28761.000000,22,222867.718123,1255229476.360191,2624.083189,0.492271,1,0,1,0.048461
241,68342.000000,31658.000000,21,219431.891657,1518324105.172992,3146.287596,0.512871,1,0,1,0.049267
242,69042.000000,30958.000000,21,226417.889413,1234664939.520351,2909.493457,0.446491,1,0,1,0.075472
243,97767.000000,2233.000000,47,238477.712877,1381647054.837242,1963.753398,0.598806,1,0,1,0.003072
244,68083.000000,31917.000000,20,224034.815745,1487015865.580632,2979.545396,0.496416,1,0,1,0.046806
245,71947.000000,28053.000000,24,233050.906081,1350352400.931758,2441.935690,0.555070,1,0,2,0.045683
246,69601.000000,30399.000000,24,223572.362766,1534013498.361286,2908.057195,0.559471,1,0,2,0.047474
247,62793.000000,37207.000000,19,226350.003373,1462015255.011493,4003.097525,0.436356,1,0,1,0.105187
248,75012.000000,24988.000000,24,228781.884327,1387644609.810074,2692.790349,0.445135,1,0,1,0.038995
249,67232.000000,32768.000000,19,226262.951378,1495691596.840955,3548.816576,0.445088,1,0,1,0.037341
250,68980.000000,31020.000000,23,229199.338162,1497632157.732564,3303.411823,0.425298,1,0,1,0.059462
251,78049.000000,21951.000000,30,233100.729463,1259873492.169688,2718.443120,0.560699,1,0,1,0.046835
252,79091.000000,20909.000000,29,237045.075812,1176344625.480815,2750.548151,0.450983,1,0,1,0.022473
253,67354.000000,32646.000000,21,218958.200512,1553393437.333363,3002.985303,0.486884,1,0,1,0.048806
254,72569.000000,27431.000000,27,222517.084352,1339562398.619007,2650.101475,0.479684,1,0,1,0.049217
255,82545.000000,17455.000000,36,231206.342395,1503748958.136262,2445.403972,0.606463,1,0,1,0.016547
256,71761.000000,28239.000000,25,229148.552676,1264288684.640386,2928.603361,0.511233,1,0,1,0.035967
257,65882.000000,34118.000000,22,217649.029933,1683234559.813390,3235.068976,0.468756,1,0,1,0.051651
258,63923.000000,36077.000000,17,209265.235151,1797972018.854493,3240.427905,0.453348,1,0,1,0.028446
259,95898.000000,4102.000000,46,236589.889207,1554406087.766678,2026.334745,0.623639,1,0,1,0.004246
260,66744.000000,33256.000000,20,215904.596749,1653997236.729048,2682.446474,0.596552,1,0,1,0.033424
261,65821.000000,34179.000000,20,217397.011477,1574820265.959835,3029.475983,0.463634,1,0,1,0.053850
262,78667.000000,21333.000000,30,160479.112767,817994318.877939,1744.964193,0.772905,0,0,1,0.019525
263,78128.000000,21872.000000,30,183071.230358,1207839242.495795,2108.714466,0.728283,0,0,1,0.032523
264,79095.000000,20905.000000,30,208304.528303,1048181462.723735,2336.943869,0.541507,0,0,2,0.012621
265,77783.000000,22217.000000,29,198054.417984,1010570780.745217,2281.359777,0.663388,0,0,1,0.024394
266,78362.000000,21638.000000,31,195665.682493,1288663407.113504,2170.592401,0.695643,0,0,1,0.039368
267,74438.000000,25562.000000,23,189962.233805,1069194132.578841,2375.550611,0.617125,0,0,1,0.017002
268,72250.000000,27750.000000,28,171853.499318,846642701.559694,2011.865852,0.684737,0,0,1,0.023500
269,71141.000000,28859.000000,25,151477.312881,418110562.549771,1878.243114,0.734543,0,0,1,0.031723
270,89737.000000,10263.000000,42,210926.477880,1469669094.008345,1920.957881,0.630376,0,0,1,0.020410
271,75199.000000,24801.000000,25,176617.081545,1079901163.396043,2122.784025,0.701715,0,0,2,0.052740
272,77033.000000,22967.000000,31,184955.459379,1139774624.974297,2179.128809,0.587330,0,0,2,0.040488
273,74165.000000,25835.000000,26,183191.487262,1131545621.566335,2206.631587,0.641639,0,0,1,0.021725
274,82265.000000,17735.000000,32,195764.522990,1042923651.156762,2114.214009,0.710689,0,0,1,0.077973
275,71367.000000,28633.000000,24,177755.969384,1217539421.052257,2181.018647,0.564617,0,0,1,0.042467
276,78817.000000,21183.000000,30,211259.064587,1196869897.202144,2321.064988,0.580781,0,0,2,0.029849
277,77234.000000,22766.000000,27,187958.015199,1002471404.374664,2212.641952,0.604392,0,0,1,0.102670
278,78053.000000,21947.000000,29,197696.063261,1020574054.456769,2512.723284,0.594639,0,0,1,0.038101
279,78601.000000,21399.000000,29,192949.968653,1043520326.736198,2235.333783,0.618174,0,0,1,0.029716
280,96901.000000,3099.000000,46,213432.522357,1209190428.759737,1887.072643,0.695054,0,0,1,0.025265
281,71352.000000,28648.000000,22,174863.012973,1005768603.104675,2009.794862,0.548426,0,0,1,0.119934
282,78748.000000,21252.000000,28,196180.791629,977519997.603372,2031.413879,0.622661,0,0,1,0.049150
283,73058.000000,26942.000000,25,173295.152606,754461355.844766,2111.795669,0.666434,0,0,1,0.036407
284,76377.000000,23623.000000,26,181215.087534,875319335.492227,2015.638863,0.626708,0,0,1,0.040649
285,89014.000000,10986.000000,41,210014.127150,1477163849.236232,1736.047426,0.705117,0,0,1,0.007760
286,79245.000000,20755.000000,30,212034.998985,1248207189.586969,2097.428512,0.610404,0,0,1,0.023373
287,79130.000000,20870.000000,32,173277.940951,1092418211.771946,1779.267189,0.696269,0,0,1,0.038713
288,71839.000000,28161.000000,26,168851.047828,1261185070.007245,1923.194887,0.648754,0,0,1,0.047383
289,82582.000000,17418.000000,32,185186.418009,1162701343.853490,1782.251434,0.632392,0,0,1,0.030061
290,83459.000000,16541.000000,35,193970.577700,1117904451.744012,2060.010893,0.663838,0,0,1,0.042907
291,82788.000000,17212.000000,35,206611.603060,1129481551.410996,2195.146042,0.599103,0,0,1,0.050695
292,79042.000000,20958.000000,31,192658.445223,942205063.467536,2184.406636,0.542122,0,0,1,0.022694
293,81416.000000,18584.000000,31,191298.263450,1132686124.004177,2148.324398,0.701757,0,0,2,0.038209
294,79359.000000,20641.000000,30,204658.710907,1236841621.424813,2320.607848,0.580948,0,0,1,0.020685
295,81549.000000,18451.000000,31,183973.187527,1429770091.527779,2067.860253,0.739220,0,0,1,0.039684
296,75522.000000,24478.000000,27,186895.147463,1115372706.640888,2069.468779,0.629116,0,0,2,0.055304
297,80340.000000,19660.000000,30,209715.972687,1039001914.628422,2182.287527,0.532234,0,0,1,0.043971
298,77280.000000,22720.000000,26,168848.211918,1044349553.084088,1838.785090,0.733682,0,0,1,0.022363
299,74379.000000,25621.000000,26,196487.273064,1362212684.271164,2259.035322,0.611629,0,0,1,0.040192
300,80452.000000,19548.000000,31,198711.478297,1311726771.649586,2106.817244,0.591052,0,0,1,0.017868
301,76931.000000,23069.000000,27,201692.766243,1266112306.466378,2128.113843,0.614632,0,0,1,0.054598
302,80291.000000,19709.000000,29,185952.347900,909639676.467116,2015.196661,0.686984,0,0,1,0.028442
303,81456.000000,18544.000000,30,198621.814407,1109163818.084037,2028.516479,0.677811,0,0,2,0.014739
304,77258.000000,22742.000000,28,188071.044636,1292252295.469099,2119.691354,0.748909,0,0,1,0.033844
305,77081.000000,22919.000000,29,200475.619574,1173544914.490492,2337.296180,0.535472,0,0,2,0.044112
306,75695.000000,24305.000000,25,184818.929822,1417291077.244333,2025.895789,0.639430,0,0,1,0.019697
307,80393.000000,19607.000000,30,190607.949606,1250691682.779082,2154.136338,0.646826,0,0,1,0.051477
308,75139.000000,24861.000000,27,195153.766674,895789222.937930,2196.637299,0.536716,0,0,1,0.034554
309,80443.000000,19557.000000,32,211525.739914,1173815573.130527,2499.801436,0.527889,0,0,1,0.018612
310,79657.000000,20343.000000,28,192734.298438,1409412964.776763,2245.870433,0.640486,0,0,1,0.024362
311,73311.000000,26689.000000,26,178605.692575,921967467.251659,2132.178999,0.652899,0,0,1,0.068819
312,71964.000000,28036.000000,27,202399.335082,1506007933.078051,2380.329194,0.494542,0,0,1,0.029726
313,79257.000000,20743.000000,31,181081.012242,1131766285.772734,2132.403462,0.779288,0,0,1,0.018213
314,83505.000000,16495.000000,35,193898.973658,1122137449.754379,2106.799184,0.666190,0,0,1,0.054042
315,79447.000000,20553.000000,34,193402.419591,1181149595.775643,2040.657069,0.587325,0,0,1,0.059696
316,93986.000000,6014.000000,43,201503.123749,1664879334.602322,1814.366659,0.676241,0,0,1,0.019191
317,75050.000000,24950.000000,28,183773.201397,1556605086.309638,2074.385531,0.549421,0,0,1,0.095148
318,81439.000000,18561.000000,29,195836.351500,904705677.111595,2233.752836,0.682793,0,0,1,0.024355
319,78123.000000,21877.000000,29,186392.500474,1213982914.214982,1858.918854,0.628880,0,0,1,0.020461
320,75428.000000,24572.000000,27,189273.643730,1472261190.122107,2322.784217,0.630955,0,0,1,0.016975
321,77023.000000,22977.000000,28,165514.816792,1284995147.602124,1917.766362,0.629993,0,0,2,0.026694
322,73079.000000,26921.000000,23,169702.482731,903373113.068866,2037.771497,0.724138,0,0,1,0.026034
323,76511.000000,23489.000000,28,179090.823218,1172510545.148957,1963.354622,0.657525,0,0,1,0.058681
324,80487.000000,19513.000000,31,183757.860476,1331847525.659958,1846.022653,0.730247,0,0,1,0.025741
325,82757.000000,17243.000000,34,180696.810781,1179117332.635405,1830.061673,0.650076,0,0,1,0.037266
326,76953.000000,23047.000000,28,202201.917382,1286151362.130514,2309.452324,0.543977,0,0,1,0.067389
327,72624.000000,27376.000000,26,176096.951224,893367819.325831,1987.190859,0.693723,0,0,1,0.033650
328,81637.000000,18363.000000,32,199825.056661,1359819209.679336,2211.332558,0.630452,0,0,1,0.028173
329,77406.000000,22594.000000,30,196550.265251,1180005178.930956,2270.747527,0.623140,0,0,1,0.019470
330,80793.000000,19207.000000,30,190173.886024,886366306.588770,1840.749326,0.640064,0,0,1,0.022074
331,76094.000000,23906.000000,26,194828.734766,1116566862.269542,2128.852855,0.610058,0,0,1,0.025835
332,75865.000000,24135.000000,27,185139.596509,1212004654.769925,2289.722858,0.589566,0,0,1,0.071684
333,78650.000000,21350.000000,31,193869.140830,1266094830.587149,2168.194455,0.691635,0,0,1,0.029757
334,79174.000000,20826.000000,29,202904.020823,1299577416.180309,2163.570517,0.569176,0,0,1,0.021931
335,77319.000000,22681.000000,27,181366.457791,1023989468.788104,2149.766049,0.588581,0,0,1,0.103123
336,72867.000000,27133.000000,28,186284.619676,966148286.985934,2012.689432,0.564936,0,0,1,0.074729
337,68198.000000,31802.000000,22,171898.085812,1157426762.527332,2340.248580,0.642083,0,0,1,0.087830
338,78023.000000,21977.000000,32,191631.386694,1168006103.091273,2060.905037,0.596107,0,0,1,0.017298
339,74348.000000,25652.000000,25,188331.712047,1176218767.494558,2352.449715,0.605390,0,0,1,0.081416
340,76740.000000,23260.000000,28,173917.649810,1254534331.244406,2083.243171,0.651622,0,0,1,0.097623
341,76210.000000,23790.000000,26,193207.322667,1278160159.019771,1997.657816,0.582239,0,0,1,0.028190
342,89559.000000,10441.000000,40,221049.757374,1205509066.652570,2243.680206,0.653733,0,0,1,0.017553
343,79482.000000,20518.000000,31,203579.738728,1085607932.037596,2520.415535,0.589115,0,0,1,0.066397
344,79947.000000,20053.000000,29,193160.692999,1004908731.274738,2349.202303,0.554533,0,0,1,0.027977
345,74814.000000,25186.000000,25,178006.907257,951067048.550590,2398.534924,0.614199,0,0,1,0.079270
346,74443.000000,25557.000000,29,188255.087978,1311488986.483663,2133.530628,0.533516,0,0,1,0.020754
347,81462.000000,18538.000000,31,192215.279975,1121880241.493916,2045.715480,0.608538,0,0,1,0.040716
348,81654.000000,18346.000000,31,193889.673650,1164189917.225662,2153.532918,0.639046,0,0,2,0.014085
349,84580.000000,15420.000000,35,211385.541161,1315387922.488569,2212.421550,0.607884,0,0,1,0.017065
350,76155.000000,23845.000000,29,202884.237448,1331612801.574789,2381.105795,0.560726,0,0,1,0.033764
351,82699.000000,17301.000000,33,204343.168371,1277142270.972994,2131.412848,0.656226,0,0,1,0.038226
352,76786.000000,23214.000000,29,200225.323574,1319879855.999050,2173.950011,0.610112,0,0,1,0.050477
353,88509.000000,11491.000000,39,218226.262362,1401731743.369467,2046.027664,0.637897,0,0,1,0.019780
354,80653.000000,19347.000000,28,196955.630289,1206716973.642598,1926.986738,0.610305,0,0,1,0.082561
355,81788.000000,18212.000000,33,197979.098684,1249254884.751403,2335.274077,0.626430,0,0,1,0.013819
356,79026.000000,20974.000000,29,187952.617734,1204155849.442338,1766.752217,0.681401,0,0,1,0.028113
357,71231.000000,28769.000000,24,161070.359171,1000020784.758132,2055.497417,0.745469,0,0,3,0.017708
358,74611.000000,25389.000000,26,203093.412125,988931417.591915,2803.242156,0.527837,0,0,1,0.109651
359,75750.000000,24250.000000,24,179294.737288,1514381403.180030,2027.867837,0.643532,0,0,1,0.027389
360,83529.000000,16471.000000,34,189082.227091,853542146.762677,1864.342117,0.655243,0,0,1,0.055218
361,84119.000000,15881.000000,35,205980.420033,1082110255.467531,2202.503593,0.696952,0,0,1,0.050269
362,82803.000000,17197.000000,33,191893.398947,1097327411.964643,1901.797982,0.597048,0,0,1,0.058092
363,97199.000000,2801.000000,47,221114.568439,1373746011.395162,1800.672341,0.619478,0,0,0,0.000000
364,73410.000000,26590.000000,28,188207.757188,1408025349.751869,2282.629650,0.506385,0,0,1,0.017971
365,76767.000000,23233.000000,30,179323.419289,1118240820.316696,2146.449697,0.645304,0,0,1,0.048225
366,87195.000000,12805.000000,38,221093.732671,1287315117.074677,2088.955907,0.577509,0,0,1,0.003088
367,80193.000000,19807.000000,31,191105.284767,1249642132.109429,1940.708199,0.739041,0,0,1,0.027836
368,85104.000000,14896.000000,34,198306.928405,914839641.155893,2176.014448,0.671533,0,0,1,0.033072
369,76476.000000,23524.000000,26,200210.389582,1460069199.229913,2257.381102,0.632450,0,0,1,0.024826
370,81117.000000,18883.000000,28,192244.590921,1065804558.770288,2190.380621,0.599011,0,0,1,0.057537
371,74479.000000,25521.000000,27,195696.765692,1316269769.892208,2272.824623,0.698704,0,0,1,0.023731
372,70945.000000,29055.000000,25,182822.650609,904828567.090181,2490.411748,0.491661,0,0,1,0.095693
373,76698.000000,23302.000000,27,199364.197436,1125469227.409051,2457.419356,0.535013,0,0,2,0.029044
374,75989.000000,24011.000000,27,176278.550835,1046045363.788684,1960.799110,0.668675,0,0,1,0.036693
375,78823.000000,21177.000000,30,208709.886970,1484570682.248338,2333.620469,0.518718,0,0,1,0.046315
376,74696.000000,25304.000000,28,181901.913510,1119104687.461706,2216.325088,0.599101,0,0,1,0.017368
377,83291.000000,16709.000000,33,201395.174694,1225106551.015701,2049.373981,0.547699,0,0,1,0.052657
378,76747.000000,23253.000000,28,186613.224448,1426838067.480935,2264.596643,0.640894,0,0,1,0.020595
379,77197.000000,22803.000000,29,191353.799541,1145246405.364120,2086.930968,0.518188,0,0,1,0.029273
380,79925.000000,20075.000000,31,182353.338091,1197820151.774955,1879.517663,0.730050,0,0,1,0.043634
381,81075.000000,18925.000000,31,194772.225579,972265822.218946,2006.536371,0.712763,0,0,1,0.088232
382,81769.000000,18231.000000,32,203045.889460,1110527070.657270,2093.773256,0.617766,0,0,1,0.016101
383,73720.000000,26280.000000,24,184132.338920,1245223803.131024,2215.181031,0.521757,0,0,1,0.072753
384,72765.000000,27235.000000,24,200722.781530,1374958957.427806,2539.131685,0.627418,0,0,1,0.026912
385,78762.000000,21238.000000,29,164904.601486,1169002525.911336,1928.459177,0.837869,0,0,2,0.019419
386,72332.000000,27668.000000,24,188573.489226,961977002.540691,2474.928192,0.535671,0,0,1,0.040169
387,74169.000000,25831.000000,26,201395.016715,1625704640.385145,2237.466390,0.542271,0,0,1,0.027184
388,80978.000000,19022.000000,30,196113.140439,1440353936.474782,2041.255894,0.590376,0,0,1,0.018142
389,78929.000000,21071.000000,28,188400.260771,1377585516.548400,2018.508489,0.701931,0,0,1,0.014487
390,79632.000000,20368.000000,29,185051.420488,1050597906.461268,2075.486723,0.753616,0,0,1,0.046319
391,76292.000000,23708.000000,27,197922.841250,1029698775.366562,2547.423027,0.573111,0,0,1,0.055417
392,73475.000000,26525.000000,27,190284.512807,1352101149.524801,2401.930969,0.577815,0,0,1,0.072793
393,78967.000000,21033.000000,28,181779.942050,897537025.707406,1913.408196,0.660816,0,0,1,0.036413
394,80493.000000,19507.000000,29,186468.233656,1077736055.129010,2027.528716,0.653361,0,0,1,0.069031
395,79362.000000,20638.000000,32,196714.255141,1142536469.003407,2037.685244,0.636602,0,0,1,0.016575
396,73871.000000,26129.000000,26,184042.334027,1417476320.158608,2226.725944,0.562946,0,0,1,0.016942
397,77512.000000,22488.000000,30,191272.678371,919141012.571034,2169.400696,0.599137,0,0,1,0.054632
398,87778.000000,12222.000000,33,218950.167162,1232763893.461242,2099.798000,0.696040,0,0,1,0.016146
399,80931.000000,19069.000000,31,204627.724104,1326530379.058295,2145.315197,0.591096,0,0,1,0.024413
400,87027.000000,12973.000000,36,187174.820470,1754020890.023604,1821.334576,0.630182,0,0,1,0.018448
401,75485.000000,24515.000000,27,185076.453487,939362985.067776,2188.197888,0.622762,0,0,1,0.064494
402,82615.000000,17385.000000,29,199552.786636,1488582451.588827,1925.478344,0.583785,0,0,1,0.020206
403,72989.000000,27011.000000,25,170353.308742,1294521242.647158,2036.177356,0.568021,0,0,1,0.041986
404,77451.000000,22549.000000,28,189088.020596,1394813265.289990,2204.786357,0.602859,0,0,1,0.040478
405,74033.000000,25967.000000,25,194153.315169,1640315370.720914,2514.977463,0.585078,0,0,1,0.032042
406,76958.000000,23042.000000,31,190777.984887,981743451.035369,2146.027556,0.599158,0,0,1,0.093931
407,86167.000000,13833.000000,36,198384.006093,1268433084.402035,1957.861029,0.657549,0,0,1,0.023544
408,77312.000000,22688.000000,29,193617.868539,1257310660.432661,2146.236439,0.528925,0,0,2,0.024492
409,75769.000000,24231.000000,29,194250.871382,1701664995.335145,1975.800910,0.562611,0,0,1,0.037978
410,78445.000000,21555.000000,28,197949.546017,1288467592.929661,2087.416567,0.594409,0,0,1,0.030174
411,65196.000000,34804.000000,15,56339.783196,297674985.539129,731.294075,1.249269,0,0,1,0.007141
412,65531.000000,34469.000000,15,71858.368350,412609543.698089,927.405027,1.038903,0,0,1,0.005165
413,76108.000000,23892.000000,28,162884.195357,1596198809.435689,1779.240989,0.690921,0,0,1,0.014137
414,77359.000000,22641.000000,28,156117.625454,853898274.565190,1753.436795,0.771458,0,0,1,0.021753
415,77691.000000,22309.000000,29,147918.015039,644420015.816196,1505.786627,0.759548,0,0,1,0.036930
416,76307.000000,23693.000000,29,187097.917408,957881955.234202,2057.754535,0.581807,0,0,1,0.022511
417,97149.000000,2851.000000,47,216373.632892,1356782689.229787,1913.832912,0.639958,0,0,0,-0.000000
418,75921.000000,24079.000000,26,161683.316366,803108842.427744,1874.081344,0.617224,0,0,1,0.020967
419,76938.000000,23062.000000,28,170373.614245,1224170594.021027,1906.229513,0.800596,0,0,1,0.014174
420,84696.000000,15304.000000,34,177298.947594,1114147290.565620,1626.809011,0.700074,0,0,1,0.028603
421,82518.000000,17482.000000,32,189114.317940,968395924.683268,1938.255393,0.679947,0,0,1,0.017624
422,69725.000000,30275.000000,23,173739.462906,1254464954.029288,2337.647090,0.621724,0,0,1,0.013886
423,78799.000000,21201.000000,29,164983.023498,1289465126.448857,1776.937002,0.861923,0,0,1,0.019659
424,85270.000000,14730.000000,33,171664.676382,1401866531.489483,1737.405843,0.877568,0,0,1,0.017582
425,78204.000000,21796.000000,26,161368.701165,953247482.326294,1795.913839,0.835433,0,0,1,0.025588
426,78225.000000,21775.000000,29,173156.965055,784664994.151115,1857.528715,0.668302,0,0,2,0.017606
427,73497.000000,26503.000000,25,168985.807220,1033571447.253281,2036.021115,0.741021,0,0,1,0.016518
428,88852.000000,11148.000000,40,178739.556759,1053835763.297647,1765.253270,0.849295,0,0,1,0.008775
429,77851.000000,22149.000000,30,179823.360992,986152665.480572,1861.653986,0.625301,0,0,1,0.022785
430,93388.000000,6612.000000,44,193741.257495,1248895510.745130,1740.520726,0.823422,0,0,0,-0.000000
431,73637.000000,26363.000000,24,156670.733356,586218935.815271,2024.556642,0.698177,0,0,1,0.060023
432,80142.000000,19858.000000,30,161852.232919,594149744.602083,1639.280822,0.762129,0,0,1,0.026072
433,94076.000000,5924.000000,46,201469.476130,1282060707.021565,1794.258644,0.657036,0,0,0,-0.000000
434,83689.000000,16311.000000,31,187832.685561,1065857370.601601,1852.327572,0.672975,0,0,1,0.018105
435,75524.000000,24476.000000,26,184938.948349,1235980192.031763,2115.920602,0.592950,0,0,2,0.019476
436,77713.000000,22287.000000,27,174844.718730,1151552362.202018,1985.429838,0.619172,0,0,2,0.022645
437,79546.000000,20454.000000,33,173128.740987,624927139.583134,1864.123886,0.767378,0,0,1,0.024477
438,71251.000000,28749.000000,24,140996.859467,943015955.367454,1731.273659,0.856718,0,0,1,0.017978
439,72264.000000,27736.000000,22,155343.410678,906012836.356754,2007.649151,0.639888,0,0,1,0.053119
440,79408.000000,20592.000000,28,171236.294980,785489893.459912,1836.821724,0.655597,0,0,1,0.023182
441,76039.000000,23961.000000,27,174509.958547,838559926.703740,1934.396422,0.625205,0,0,1,0.074900
442,74598.000000,25402.000000,26,157797.228655,539353997.290862,1841.488784,0.651993,0,0,1,0.054332
443,78074.000000,21926.000000,29,179319.843095,974930243.536844,2093.942127,0.709473,0,0,2,0.016681
444,85642.000000,14358.000000,36,184825.597693,968167157.275470,1997.976803,0.761047,0,0,1,0.013854
445,74769.000000,25231.000000,26,157404.412946,1085972967.384149,2066.925067,0.803531,0,0,1,0.017307
446,75079.000000,24921.000000,23,184388.961749,1010795244.423916,2135.603340,0.504062,0,0,1,0.044656
447,76357.000000,23643.000000,26,155892.017086,808787076.385927,1750.332974,0.756603,0,0,1,0.020840
448,77445.000000,22555.000000,28,175208.165165,837589013.562688,2029.760701,0.645817,0,0,1,0.063204
449,78383.000000,21617.000000,29,178328.272155,1065204017.545188,1958.797967,0.662173,0,0,1,0.020790
450,78715.000000,21285.000000,27,184391.620133,1661044417.441179,2067.010906,0.751792,0,0,1,0.031393
451,71164.000000,28836.000000,24,156547.480411,1829871445.057481,1935.252460,0.715118,0,0,1,0.043624
452,89363.000000,10637.000000,39,201508.788897,1475153996.556179,1908.109561,0.672666,0,0,1,0.003628
453,82170.000000,17830.000000,30,180243.101823,780573675.011241,1552.106826,0.780319,0,0,1,0.020073
454,82557.000000,17443.000000,32,164569.509197,1129610486.026387,1756.751212,0.867177,0,0,1,0.033853
455,77569.000000,22431.000000,29,163415.083444,707259024.664862,1912.475502,0.718898,0,0,1,0.019418
456,77118.000000,22882.000000,28,163664.066799,858531520.577868,1804.506696,0.676974,0,0,1,0.063853
457,79505.000000,20495.000000,30,150589.057123,793840769.710039,1556.759633,0.911353,0,0,1,0.024310
458,86845.000000,13155.000000,37,182315.772275,1194361494.474236,1933.636395,0.718655,0,0,1,0.012800
459,79356.000000,20644.000000,29,169962.270363,838802512.605478,1861.988731,0.729078,0,0,1,0.019065
460,82554.000000,17446.000000,32,142332.117369,494069639.322841,1394.655360,0.858131,0,0,1,0.024910
461,76622.000000,23378.000000,28,164582.530182,1023260701.079245,2275.291185,0.714310,0,0,1,0.027136
462,73352.000000,26648.000000,26,170806.557105,683065911.504702,2124.180128,0.573393,0,0,1,0.050571
463,72615.000000,27385.000000,26,165776.353280,1456640069.361224,2129.086623,0.795125,0,0,1,0.027618
464,92199.000000,7801.000000,43,205174.070913,1812562325.259345,1774.599015,0.721065,0,0,1,0.015770
465,74997.000000,25003.000000,26,181119.878507,1513124133.762938,2020.341409,0.721306,0,0,1,0.032808
466,75982.000000,24018.000000,28,171866.973962,1066543518.902001,1858.449156,0.663300,0,0,1,0.021494
467,68768.000000,31232.000000,19,138266.407144,1271799357.720252,1768.733286,0.719764,0,0,1,0.019154
468,75997.000000,24003.000000,28,169967.579095,1256554205.696396,1929.287529,0.695556,0,0,1,0.023583
469,76454.000000,23546.000000,26,173209.566571,1286937347.014771,1956.000192,0.731825,0,0,1,0.018912
470,87043.000000,12957.000000,35,170015.000881,1073081950.709316,1776.866986,0.753715,0,0,1,0.020291
471,76540.000000,23460.000000,29,173490.074671,1225050412.160447,1984.012186,0.592300,0,0,1,0.023161
472,75063.000000,24937.000000,28,153530.741578,951287974.557303,1944.429472,1.084881,0,0,1,0.038595
473,79026.000000,20974.000000,29,168745.008212,821366428.380149,1825.003242,0.800241,0,0,1,0.012823
474,83871.000000,16129.000000,31,162103.149652,808425829.388433,1677.425052,0.958227,0,0,1,0.028697
475,76956.000000,23044.000000,27,156007.940488,1558125662.150399,1688.414307,0.671815,0,0,1,0.017762
476,73451.000000,26549.000000,24,167821.883762,838642020.433818,2117.756909,0.706445,0,0,1,0.025371
477,74399.000000,25601.000000,28,173366.537775,927242855.784714,2221.187759,0.592139,0,0,1,0.049217
478,73297.000000,26703.000000,25,161345.948701,1111465249.122249,1856.961566,0.658137,0,0,1,0.021502
479,79064.000000,20936.000000,30,169294.483104,689780855.430700,1935.159760,0.730145,0,0,1,0.040655
480,82336.000000,17664.000000,30,147028.696423,842772325.067624,1443.870642,0.957127,0,0,1,0.026454
481,74293.000000,25707.000000,25,145705.497332,523919295.759151,1893.022001,0.807675,0,0,2,0.029200
482,79593.000000,20407.000000,27,167180.552964,1238874131.799733,1911.745253,0.685972,0,0,1,0.022327
483,78479.000000,21521.000000,31,176706.300681,1003188992.085844,1947.117528,0.829545,0,0,1,0.014940
484,82827.000000,17173.000000,29,151091.158708,643912461.730149,1426.124131,0.877426,0,0,1,0.023086
485,73468.000000,26532.000000,28,169558.334354,907218405.045900,2163.459691,0.721071,0,0,1,0.021151
486,71757.000000,28243.000000,24,160346.831471,741724208.194265,1884.671273,0.757142,0,0,1,0.033293
487,74082.000000,25918.000000,27,178247.395227,959266766.473726,2483.604190,0.626271,0,0,1,0.018959
488,76488.000000,23512.000000,28,182768.363165,1200486087.912024,2101.024641,0.720962,0,0,1,0.019497
489,72614.000000,27386.000000,26,171651.237727,878648803.526120,2093.352877,0.593014,0,0,1,0.019675
490,79289.000000,20711.000000,30,157068.301964,786583734.043761,1838.569024,0.849276,0,0,1,0.048018
491,78617.000000,21383.000000,31,188639.333386,1156291795.169356,2032.860409,0.682451,0,0,1,0.025674
492,80242.000000,19758.000000,31,171850.497454,819736613.610351,1948.261880,0.708513,0,0,1,0.040143
493,79908.000000,20092.000000,29,177258.164317,1069789469.293898,1852.507748,0.781940,0,0,1,0.021710
494,70715.000000,29285.000000,24,138920.915442,577361821.888966,1714.392513,0.925285,0,0,1,0.036454
495,68444.000000,31556.000000,23,141363.177904,526547961.271299,1991.418004,0.727372,0,0,1,0.045513
496,81730.000000,18270.000000,31,166403.812457,914999981.023551,1622.364049,0.729912,0,0,2,0.032537
497,75866.000000,24134.000000,27,168455.271215,914785470.703386,2114.577967,0.619246,0,0,1,0.020040
498,75683.000000,24317.000000,28,178122.420739,1102260138.038434,1909.677844,0.734741,0,0,1,0.030128
499,87009.000000,12991.000000,39,167010.639381,1301043660.172343,1764.076276,0.882766,0,0,1,0.025197
500,75122.000000,24878.000000,25,163922.363484,880598164.562052,1959.099346,0.702690,0,0,2,0.022109
501,78376.000000,21624.000000,30,192838.117129,1350267288.886098,2135.693353,0.564813,0,0,3,0.027685
502,81347.000000,18653.000000,31,175295.995901,1204713949.940467,1884.132374,0.711731,0,0,1,0.044563
503,79969.000000,20031.000000,28,155554.755140,796873413.428128,1694.297416,0.793364,0,0,1,0.026232
504,77178.000000,22822.000000,29,171954.259862,919439222.769255,1862.625469,0.711634,0,0,1,0.033486
505,77744.000000,22256.000000,29,178745.820127,845688670.694238,2059.088252,0.645779,0,0,1,0.052781
506,76435.000000,23565.000000,27,184785.508415,823852369.180198,2299.368210,0.616741,0,0,1,0.029129
507,79691.000000,20309.000000,29,179765.508604,941645895.794662,1796.452290,0.606243,0,0,1,0.013623
508,75658.000000,24342.000000,24,178301.590631,1364155582.668456,2061.241298,0.597480,0,0,1,0.023207
509,77686.000000,22314.000000,28,174306.748368,1269897961.768041,2126.087680,0.592784,0,0,1,0.022351
510,79486.000000,20514.000000,28,142439.113468,761077554.551929,1621.062898,0.922547,0,0,2,0.059561
511,82829.000000,17171.000000,31,163860.356591,947361650.955866,1684.296386,0.887712,0,0,4,0.020089
512,74141.000000,25859.000000,25,146910.314225,880349408.688631,1760.367938,0.825951,0,0,1,0.015997
513,75160.000000,24840.000000,29,170964.997863,885226972.240803,1974.108178,0.735692,0,0,1,0.029413
514,75054.000000,24946.000000,26,178637.422002,1127427744.926373,2373.416157,0.661128,0,0,1,0.027607
515,79464.000000,20536.000000,29,178065.960730,1056714663.018626,1977.612158,0.731754,0,0,2,0.024082
516,77707.000000,22293.000000,31,185146.664364,1205287845.421832,1857.984037,0.729383,0,0,1,0.027983
517,78318.000000,21682.000000,27,163875.218226,1014995252.586007,1745.753334,0.782053,0,0,1,0.021610
518,90782.000000,9218.000000,41,172994.824246,738673248.995988,1476.585886,0.840219,0,0,2,0.020411
519,81271.000000,18729.000000,32,172392.044749,954817444.462494,1738.435862,0.681429,0,0,1,0.015776
520,74477.000000,25523.000000,27,144817.339524,762198023.259721,1728.839364,0.858303,0,0,1,0.017878
521,75789.000000,24211.000000,27,172761.248142,850402300.682027,1924.475342,0.650810,0,0,1,0.021100
522,75718.000000,24282.000000,28,154538.165563,628766293.567717,1719.971021,0.684504,0,0,1,0.013905
523,76190.000000,23810.000000,26,168247.668115,1055248288.368365,1964.046717,0.718579,0,0,1,0.022165
524,82079.000000,17921.000000,29,157592.370862,808398204.890794,1609.350032,0.824004,0,0,2,0.017256
525,75412.000000,24588.000000,29,182857.131709,837589666.020352,2062.788532,0.610483,0,0,2,0.013600
526,68689.000000,31311.000000,21,168016.711273,1075868720.908000,2600.015686,0.650549,0,0,1,0.044991
527,77874.000000,22126.000000,30,183061.707244,1239928183.099940,2073.823636,0.646699,0,0,1,0.038837
528,76558.000000,23442.000000,25,185222.460282,842527533.059712,2024.171581,0.537833,0,0,1,0.031105
529,78048.000000,21952.000000,28,168981.687422,992658827.652612,2024.383573,0.813008,0,0,1,0.033243
530,73191.000000,26809.000000,22,136977.918659,715030076.064477,1664.941710,0.905174,0,0,1,0.025499
531,71248.000000,28752.000000,22,156345.533874,758654710.353263,2203.657298,0.609541,0,0,1,0.036815
532,74757.000000,25243.000000,27,131894.904874,365593340.943286,1455.845767,0.955455,0,0,1,0.022072
533,78501.000000,21499.000000,32,156334.516103,769436049.439271,1641.066177,0.775358,0,0,1,0.019347
534,73349.000000,26651.000000,23,146764.633116,630584467.296371,1778.291586,0.720429,0,0,1,0.020533
535,75353.000000,24647.000000,27,150778.153937,1103709299.995897,1642.001256,0.713312,0,0,1,0.054369
536,72037.000000,27963.000000,23,159525.714643,590628621.886809,1854.531757,0.682108,0,0,1,0.027424
537,71042.000000,28958.000000,21,167070.680821,787006890.888919,2285.247743,0.695328,0,0,1,0.037020
538,78774.000000,21226.000000,29,155588.384246,638226782.439266,1654.145816,0.865901,0,0,2,0.015016
539,70665.000000,29335.000000,24,158962.790302,1337799921.784194,2072.032643,0.684226,0,0,1,0.058222
540,75105.000000,24895.000000,24,163245.071603,1333439634.756048,1745.915590,0.692082,0,0,3,0.034516
541,72620.000000,27380.000000,24,148824.997961,1116194834.498468,1786.433226,0.731184,0,0,1,0.024729
542,72481.000000,27519.000000,21,141786.367103,469980423.156043,1783.338148,0.781334,0,0,1,0.029219
543,81590.000000,18410.000000,31,162459.291439,1084640753.764993,1711.851077,0.965899,0,0,1,0.021558
544,80475.000000,19525.000000,29,151260.845914,695862562.450374,1609.259374,0.846397,0,0,1,0.034535
545,77594.000000,22406.000000,28,165422.986609,802733570.065557,2095.390907,0.957752,0,0,1,0.015940
546,82475.000000,17525.000000,33,176068.049633,970691316.901307,1860.904416,0.758389,0,0,1,0.027465
547,81296.000000,18704.000000,29,170894.569229,963482097.777071,1733.317544,0.700459,0,0,1,0.013598
548,83050.000000,16950.000000,31,187951.513208,1236779774.833860,2065.427675,0.754919,0,0,1,0.016747
549,75888.000000,24112.000000,28,161697.919829,922948734.871930,1734.892399,0.754729,0,0,1,0.024236
550,78501.000000,21499.000000,30,179447.132243,684116942.097192,1976.538626,0.671581,0,0,1,0.027123
551,77201.000000,22799.000000,29,188750.727356,1010049440.840381,2009.965769,0.624323,0,0,1,0.059367
552,81159.000000,18841.000000,31,186910.069412,967709492.264096,2145.629499,0.658923,0,0,2,0.019393
553,81889.000000,18111.000000,32,159554.701062,973168265.997701,1562.478614,0.883465,0,0,2,0.030129
554,81944.000000,18056.000000,35,195425.634897,1490835032.519235,2130.923370,0.641732,0,0,1,0.008746
555,77240.000000,22760.000000,28,159169.536634,736973693.229711,1732.431067,0.820551,0,0,1,0.016583
556,76864.000000,23136.000000,27,184786.377095,1225893121.555094,2183.142684,0.584974,0,0,1,0.015049
557,74388.000000,25612.000000,23,172642.975358,1561824443.017272,1905.577664,0.658284,0,0,2,0.021554
558,77026.000000,22974.000000,25,159858.877886,1422308535.096210,1866.040221,0.766914,0,0,1,0.049244
559,78784.000000,21216.000000,30,170389.502633,678020377.763023,1635.025339,0.818894,0,0,1,0.020033
560,78869.000000,21131.000000,32,172277.225958,1152735749.603713,2108.940901,0.780235,0,0,1,0.015660
561,78532.000000,21468.000000,29,183623.645771,1525380937.342862,1793.695683,0.693457,0,0,1,0.027535
562,75044.000000,24956.000000,26,167978.787465,871258071.834573,2274.189688,0.731441,0,0,1,0.018216
563,80080.000000,19920.000000,31,185049.428614,952152966.165368,2118.930383,0.736206,0,0,1,0.024653
564,76198.000000,23802.000000,28,160980.970949,794751757.488720,1767.787402,0.738147,0,0,1,0.018133
565,83171.000000,16829.000000,32,176096.410286,958729929.025017,1806.877729,0.753311,0,0,1,0.020082
566,79776.000000,20224.000000,29,174793.155490,1100249003.576007,2106.764104,0.677551,0,0,1,0.029820
567,78268.000000,21732.000000,29,174561.344799,808298907.772704,1999.888478,0.694061,0,0,1,0.028562
568,76852.000000,23148.000000,30,161907.167104,898449085.094937,1889.103184,0.809545,0,0,1,0.025495
569,74119.000000,25881.000000,29,138177.749477,899195371.058280,1661.907757,0.944907,0,0,2,0.031775
570,75238.000000,24762.000000,26,143309.428328,1204116917.900559,1692.777802,0.809947,0,0,1,0.038143
571,76005.000000,23995.000000,25,179121.920408,1308556193.147333,2114.929713,0.716396,0,0,1,0.022731
572,79695.000000,20305.000000,30,183287.849962,821901017.606449,1914.202222,0.673005,0,0,1,0.019373
573,77728.000000,22272.000000,28,168515.786257,523668337.352881,1968.138166,0.789064,0,0,1,0.020178
574,74081.000000,25919.000000,21,146354.424241,1323600185.326142,1779.760609,0.738141,0,0,1,0.022243
575,74721.000000,25279.000000,24,167210.186409,1326853151.629851,1959.815041,0.632503,0,0,1,0.045104
576,76258.000000,23742.000000,26,130829.672123,439479576.381679,1461.922606,0.914682,0,0,1,0.026558
577,73436.000000,26564.000000,24,152205.182152,830381576.905913,1880.943666,0.636289,0,0,1,0.018499
578,78680.000000,21320.000000,29,165712.574699,1047364167.794239,1763.014682,0.753211,0,0,1,0.018367
579,65271.000000,34729.000000,21,150163.346534,910783259.407347,2300.120602,0.653006,0,0,1,0.036453
580,72822.000000,27178.000000,24,153196.097531,848356029.619231,1894.223334,0.693694,0,0,1,0.041286
581,73859.000000,26141.000000,26,166331.938198,910599761.230094,2125.073842,0.634159,0,0,2,0.014677
582,74580.000000,25420.000000,24,176935.322587,1089655929.661059,1946.014584,0.651778,0,0,1,0.020269
583,74165.000000,25835.000000,27,164583.157116,526057893.985722,1876.300519,0.701716,0,0,1,0.011905
584,82831.000000,17169.000000,36,179097.817211,1326461920.872502,1775.544636,0.783099,0,0,2,0.014256
585,73893.000000,26107.000000,25,153805.771510,833555946.057562,1822.535102,0.828769,0,0,1,0.020355
586,84043.000000,15957.000000,32,143891.602888,596538320.815143,1411.858735,0.950527,0,1,1,0.016224
587,78897.000000,21103.000000,30,192113.383844,1189738233.523255,2014.329625,0.701706,0,1,1,0.018540
588,84059.000000,15941.000000,37,200524.954615,1596155716.932158,1973.346197,0.573789,0,1,1,0.019145
589,79983.000000,20017.000000,31,181945.622995,887354704.387863,1892.368860,0.740384,0,1,1,0.013840
590,78797.000000,21203.000000,30,168975.754812,1199698405.593778,2083.903714,0.891054,0,2,1,0.047386
591,78609.000000,21391.000000,29,168536.956495,664880147.883576,1812.593754,0.764649,0,2,2,0.031746
592,76683.000000,23317.000000,27,141399.728754,535276935.835391,1595.878843,0.805261,0,2,2,0.028692
593,76392.000000,23608.000000,27,164677.440277,1170777138.075253,1716.352101,0.636180,0,2,1,0.015791
594,75262.000000,24738.000000,24,159713.428829,741043811.687040,1927.238361,0.734283,0,2,2,0.030071
595,75657.000000,24343.000000,26,180716.731460,1493639441.033812,1860.998449,0.682192,0,2,1,0.023167
596,77428.000000,22572.000000,26,166121.325223,1074802075.522284,1889.280264,0.667419,0,2,2,0.017443
597,77276.000000,22724.000000,29,174041.864098,1050233256.358978,1999.836330,0.748732,0,2,1,0.031599
598,81237.000000,18763.000000,32,182596.557666,745720799.471377,2025.028730,0.650434,0,2,1,0.017863
599,76136.000000,23864.000000,30,168305.123288,1010851033.646178,1972.765806,0.690118,0,2,1,0.017261
600,77287.000000,22713.000000,27,173098.942808,996164991.845996,2201.050760,0.646729,0,2,1,0.019741
601,78338.000000,21662.000000,28,149371.431378,821420059.685498,1593.716195,0.840370,0,2,1,0.085512
602,72828.000000,27172.000000,25,152198.947289,597613402.196440,1842.725531,0.616993,0,2,1,0.024651
603,96705.000000,3295.000000,45,176747.608742,973556248.744564,1434.713028,0.980587,0,2,1,0.018754
604,75592.000000,24408.000000,28,174942.047971,1042056650.947006,1800.426899,0.828801,0,2,1,0.026393
605,81558.000000,18442.000000,28,161480.112777,661764111.012404,1684.850368,0.889242,0,2,2,0.023344
606,69684.000000,30316.000000,23,147143.187476,617791578.017406,1978.050053,0.791367,0,2,2,0.024679
607,80160.000000,19840.000000,27,165474.219567,708044580.603813,1859.222327,0.873604,0,2,2,0.060539
608,76592.000000,23408.000000,27,152459.193564,783928241.287887,1679.852163,0.819161,0,2,2,0.086676
609,81332.000000,18668.000000,28,164492.323735,974761718.765708,1781.070328,0.708570,0,2,1,0.025466
610,77553.000000,22447.000000,28,174789.438109,1406538007.134420,2234.078161,0.779257,0,2,1,0.024099
611,74881.000000,25119.000000,28,165801.208946,1179103917.675010,1944.910781,0.780338,0,2,2,0.032893
612,73309.000000,26691.000000,26,166136.446407,982267392.890601,1966.709960,0.601154,0,2,1,0.032459
613,72089.000000,27911.000000,24,166126.778206,758766765.979392,2039.799717,0.671620,0,2,2,0.062124
614,76219.000000,23781.000000,29,167441.050860,853759386.444160,1797.731867,0.800315,0,2,1,0.041832
615,80621.000000,19379.000000,30,158599.222381,616053174.339799,1622.805249,0.870859,0,2,1,0.013015
616,79913.000000,20087.000000,30,159871.933793,956989328.760896,1600.437999,0.825347,0,2,1,0.035120
617,83006.000000,16994.000000,30,163892.754076,1146860712.968153,1641.026201,0.742370,0,2,1,0.024332
618,78690.000000,21310.000000,29,183474.511255,880102697.481699,2064.780479,0.674250,0,2,2,0.021360
619,82168.000000,17832.000000,31,198744.411276,1086026405.059311,2196.665701,0.662396,0,2,1,0.012573
620,84157.000000,15843.000000,32,187388.450544,1006462731.961852,1830.697148,0.630501,0,2,1,0.022596
621,79246.000000,20754.000000,30,176220.488318,845634102.448931,1876.952242,0.723539,0,2,1,0.040661
622,77312.000000,22688.000000,28,171193.519223,923506386.351684,1876.236049,0.646521,1,2,1,0.021887
623,78087.000000,21913.000000,29,180342.299441,972590740.169231,2155.142898,0.639865,1,2,1,0.024767
624,78758.000000,21242.000000,29,191525.021615,1024552843.462713,1935.386845,0.540566,1,2,2,0.064341
625,73842.000000,26158.000000,23,175296.672174,851360340.855257,2138.463646,0.566080,1,2,2,0.028757
626,71028.000000,28972.000000,23,197431.635683,924469453.905126,2361.256191,0.496288,1,2,1,0.047054
627,77403.000000,22597.000000,28,164652.790259,1050254515.752336,1799.533426,0.673404,1,2,1,0.030952
628,80414.000000,19586.000000,28,182752.927527,1164678404.202230,1833.499148,0.634158,1,2,2,0.039999
629,73994.000000,26006.000000,25,172890.822824,1005981530.885846,2016.227980,0.612617,1,2,2,0.075028
630,81555.000000,18445.000000,35,211522.634268,1057326237.031439,2204.534979,0.540541,1,2,1,0.017976
631,76622.000000,23378.000000,29,193260.950965,1244315404.521661,2288.076320,0.557806,1,2,1,0.020212
632,82117.000000,17883.000000,32,196589.595467,1311039018.318950,2112.070236,0.624421,1,2,1,0.017723
633,75820.000000,24180.000000,28,187507.603998,921664060.257056,2021.520631,0.616149,1,2,2,0.045466
634,77774.000000,22226.000000,28,206900.823933,1344004264.859033,2310.441331,0.591482,1,2,1,0.030893
635,78507.000000,21493.000000,27,175983.930874,1078658405.128884,1858.992415,0.647266,1,2,2,0.028430
636,77933.000000,22067.000000,30,169727.317021,1183432764.729618,1873.188548,0.669596,1,2,1,0.041417
637,76302.000000,23698.000000,28,176786.988374,972778392.698761,2048.291361,0.561038,1,2,2,0.023760
638,78935.000000,21065.000000,30,185446.506883,1140825695.703455,1760.325359,0.733483,1,2,1,0.027125
639,72360.000000,27640.000000,22,167630.481114,911535839.131849,2205.092965,0.632648,1,2,1,0.013876
640,96575.000000,3425.000000,48,193423.705534,1101961363.802437,1564.646740,0.756186,1,2,0,-0.000000
641,73359.000000,26641.000000,23,205765.160259,1167946493.391655,2581.595278,0.520641,1,2,1,0.013966
642,76524.000000,23476.000000,29,182353.217213,1139179246.253997,1961.896450,0.610381,1,2,1,0.050055
643,76695.000000,23305.000000,26,208441.512875,1161103714.577521,2378.669094,0.562426,1,2,1,0.018704
644,77314.000000,22686.000000,28,173715.963014,1139377197.070576,2018.703168,0.691667,1,2,1,0.024176
645,74882.000000,25118.000000,24,182940.709679,1023463837.659447,2122.395100,0.559142,1,2,1,0.030822
646,80946.000000,19054.000000,33,209175.525630,961638314.236704,2086.947726,0.531800,1,2,1,0.017507
647,77383.000000,22617.000000,26,191424.877520,1207517845.305677,2140.600868,0.533833,1,2,1,0.034936
648,77126.000000,22874.000000,29,180103.050810,976298158.065459,1974.995972,0.605253,1,2,1,0.069266
649,74869.000000,25131.000000,26,191100.695596,1074262301.386642,2179.278362,0.595678,1,2,1,0.027232
650,80503.000000,19497.000000,31,196060.939508,1084045048.364760,2043.096287,0.595587,1,2,2,0.021762
651,82651.000000,17349.000000,32,198308.910524,1227543338.661496,2049.713713,0.628105,1,2,2,0.014825
652,78308.000000,21692.000000,29,179122.940103,1189835263.892235,2068.648565,0.608621,1,2,2,0.021482
653,75538.000000,24462.000000,26,168050.124532,683723952.411444,1861.669204,0.615318,1,2,1,0.013832
654,78924.000000,21076.000000,28,198434.666435,1138374970.664451,2324.867875,0.506163,1,2,2,0.025361
655,75618.000000,24382.000000,28,172450.910741,1208451920.810593,1976.194612,0.665548,1,2,3,0.032618
656,71410.000000,28590.000000,24,181438.681692,859690358.398927,2179.163341,0.602645,1,2,2,0.032320
657,69828.000000,30172.000000,21,193489.109982,1152160453.807738,2700.274857,0.427576,1,2,1,0.024420
658,72338.000000,27662.000000,23,185694.218429,1368395396.303852,2326.521667,0.491778,1,2,1,0.021761
659,74236.000000,25764.000000,24,168553.555757,849081945.007473,2151.161083,0.643942,1,2,3,0.010357
660,76652.000000,23348.000000,28,196875.260649,1178690058.321397,2234.422320,0.588121,1,2,2,0.021017
661,92703.000000,7297.000000,44,217599.158571,1613720055.890475,1986.040779,0.600324,1,2,0,0.002058
662,79553.000000,20447.000000,30,182850.147062,1003707834.390679,1907.252602,0.617840,1,2,1,0.023684
663,80689.000000,19311.000000,30,198928.194144,1147707639.012882,2032.692497,0.539319,1,2,1,0.021306
664,78726.000000,21274.000000,28,202342.340433,1176167788.938344,2207.809209,0.505329,1,2,1,0.020702
665,87613.000000,12387.000000,38,214004.263349,1224015384.997937,2212.863008,0.543691,1,2,1,0.013645
666,79200.000000,20800.000000,29,196938.735847,1228329040.411859,2113.304882,0.568565,1,2,2,0.083638
667,75491.000000,24509.000000,24,189227.430349,950740303.382237,2407.225315,0.555551,1,2,1,0.031175
668,75549.000000,24451.000000,30,174397.917571,1213192747.773008,2190.819476,0.589575,1,2,1,0.048294
669,71147.000000,28853.000000,25,174356.402148,961678685.019833,2287.515592,0.573048,1,2,1,0.044277
670,73352.000000,26648.000000,26,195071.343619,1099443896.724368,2371.038248,0.466002,1,2,1,0.028028
671,93341.000000,6659.000000,43,209076.583792,1326620409.001467,1842.525476,0.581712,1,2,0,0.000000
672,71080.000000,28920.000000,19,182961.265326,1405019264.651670,2526.192693,0.511686,1,2,1,0.019535
673,82432.000000,17568.000000,31,194489.693252,1114612152.498530,2136.166636,0.592367,1,2,1,0.025574
674,71990.000000,28010.000000,23,183871.053208,954049191.486498,2403.338012,0.509418,1,2,1,0.058610
675,75108.000000,24892.000000,25,185664.732843,1071043424.930214,2219.494553,0.606834,1,2,1,0.059428
676,71734.000000,28266.000000,27,185033.703818,942131490.684743,2314.947779,0.528150,1,2,1,0.037552
677,63278.000000,36722.000000,19,161705.575986,787460306.488226,2381.713960,0.451990,1,2,1,0.051995
678,80013.000000,19987.000000,32,198508.719103,1079462663.556919,2221.494389,0.512026,1,2,1,0.012756
679,68584.000000,31416.000000,20,160789.570524,995472500.833098,1999.483998,0.688007,1,2,1,0.030751
680,73326.000000,26674.000000,24,192512.520827,1078068014.572883,2318.825661,0.544611,1,2,1,0.040296
681,76865.000000,23135.000000,27,185565.934173,1392846317.341495,2079.444946,0.582530,1,2,1,0.053103
682,76130.000000,23870.000000,26,139497.520492,1165924393.238213,1513.592357,0.856458,1,2,1,0.020025
683,76222.000000,23778.000000,26,145300.768756,665827950.987340,1537.264768,0.865227,1,2,1,0.016527
684,75852.000000,24148.000000,26,157185.119209,492264295.481608,2178.050037,0.750549,1,2,1,0.027845
685,69953.000000,30047.000000,21,163097.850189,502767758.786080,2074.922529,0.577031,1,2,2,0.021099
686,78773.000000,21227.000000,27,186043.250683,886065987.987285,2106.071384,0.575528,2,1,2,0.017405
687,72459.000000,27541.000000,24,160169.380693,883720509.670902,2143.773921,0.586058,2,1,1,0.037649
688,74651.000000,25349.000000,26,152832.600414,644771891.973748,1814.380989,0.640873,2,1,1,0.020835
689,75746.000000,24254.000000,27,161435.474438,790580373.576425,1799.216195,0.711343,2,1,1,0.022311
690,71013.000000,28987.000000,26,169124.189492,957997020.206925,2219.549425,0.546601,2,1,2,0.029689
691,69662.000000,30338.000000,22,164403.014724,645861770.568724,2040.819679,0.530911,2,1,1,0.016228
692,64241.000000,35759.000000,17,144691.079288,720111519.746644,1970.917173,0.610399,2,1,1,0.020676
693,75580.000000,24420.000000,27,169333.918729,1220001549.255352,1908.194538,0.619011,2,1,1,0.022698
694,86508.000000,13492.000000,38,202807.932820,991077672.773592,2076.428080,0.541266,2,1,1,0.001083
695,66749.000000,33251.000000,19,160469.434189,794975790.462586,2167.427764,0.513338,2,1,1,0.020404
696,76324.000000,23676.000000,26,170883.459253,643159930.631180,1976.037068,0.606523,2,1,1,0.017750
697,74979.000000,25021.000000,27,179578.078522,1014280210.123056,2014.604891,0.574970,2,1,1,0.016792
698,83811.000000,16189.000000,32,176630.027643,798039611.237040,1803.877561,0.679093,2,1,1,0.016328
699,81527.000000,18473.000000,33,158363.246467,420064049.821764,1585.859546,0.663502,2,1,1,0.030312
700,74296.000000,25704.000000,23,182235.214819,1045427626.874687,2102.412967,0.581062,2,1,1,0.061224
701,95724.000000,4276.000000,46,205112.725246,1647242813.731045,1748.110511,0.633177,2,1,1,0.022778
702,83050.000000,16950.000000,32,177868.373804,1154425445.179727,1868.788016,0.650197,2,1,1,0.010279
703,69017.000000,30983.000000,23,133911.917961,692271131.504336,1755.277583,0.686653,2,1,1,0.032141
704,76070.000000,23930.000000,27,167029.076452,820330020.708583,1828.727308,0.598816,2,1,1,0.028475
705,75834.000000,24166.000000,29,170997.825659,591850884.751455,1939.345799,0.590759,2,1,1,0.012158
706,67903.000000,32097.000000,21,143979.602750,673274167.722052,1789.256651,0.718266,2,1,1,0.035720
707,75026.000000,24974.000000,27,172128.473230,1064534467.428844,1918.795440,0.526251,3,1,1,0.017482
708,75350.000000,24650.000000,27,180511.527483,954317767.628270,1939.970593,0.571044,3,1,1,0.035925
709,86368.000000,13632.000000,36,194428.632920,1105848531.732002,1906.921671,0.590141,3,1,1,0.021564
710,77748.000000,22252.000000,29,161452.303032,636426106.557103,1814.251506,0.667331,3,1,1,0.036426
711,77270.000000,22730.000000,26,179845.870550,781363306.467362,1888.936865,0.663898,3,1,1,0.035772
712,70012.000000,29988.000000,22,144199.068471,771826996.026263,1654.626936,0.740693,2,1,1,0.014518
713,75324.000000,24676.000000,28,169730.961905,1061764331.207123,1885.266804,0.650955,2,1,1,0.038589
714,70337.000000,29663.000000,24,167358.606945,1018485607.575049,2226.768600,0.532547,2,1,1,0.009973
715,76503.000000,23497.000000,26,183192.133254,931952791.906896,1932.771124,0.606463,2,1,1,0.020508
716,78514.000000,21486.000000,27,152159.677916,439870015.352218,1586.201760,0.808895,1,2,1,0.022852
717,73456.000000,26544.000000,23,131330.799887,406820522.683169,1557.440164,0.833411,1,2,1,0.018416
718,64197.000000,35803.000000,19,97862.421645,277374427.311507,1326.009300,0.906875,1,2,1,0.055257
719,72766.000000,27234.000000,27,112980.085184,474607640.924961,1326.261046,0.976780,1,2,2,0.039296
720,73160.000000,26840.000000,25,133707.777290,402435322.092581,1708.068635,0.709837,1,2,1,0.055138
721,71399.000000,28601.000000,26,129390.573713,404253553.988335,1633.866868,0.720885,1,2,1,0.028259
722,75843.000000,24157.000000,28,147052.188189,593880761.921148,1597.759377,0.732354,1,2,2,0.023530
723,77642.000000,22358.000000,28,153719.481544,739370050.922804,1662.036263,0.807457,1,2,1,0.027035
724,76978.000000,23022.000000,28,132652.746248,633533840.583836,1683.797704,0.965406,1,2,1,0.022120
725,85459.000000,14541.000000,32,140925.963594,696987383.553895,1312.376035,0.896648,1,2,1,0.020026
726,78051.000000,21949.000000,28,136839.822517,344193581.248516,1549.365840,0.805616,1,2,1,0.014177
727,74445.000000,25555.000000,24,133127.889312,739928426.959261,1392.548295,0.872898,1,3,1,0.014417
728,76885.000000,23115.000000,30,128401.455733,369887073.325527,1399.370339,0.857504,1,3,1,0.045564
729,71612.000000,28388.000000,24,118258.722440,276161346.519694,1467.449145,0.794994,1,3,1,0.047287
730,71477.000000,28523.000000,23,121929.463885,567159094.938611,1603.743263,0.864826,1,3,1,0.032818
731,75664.000000,24336.000000,26,131841.576166,504368514.275265,1511.825042,0.779320,1,3,1,0.022970
732,76321.000000,23679.000000,28,117924.042397,264547547.198074,1230.939948,1.029256,1,3,1,0.010732
733,67399.000000,32601.000000,20,121027.987289,509660729.076715,1736.371889,0.705805,1,3,1,0.035778
734,80488.000000,19512.000000,32,145631.955023,766169147.004461,1544.481653,0.827864,1,3,1,0.019375
735,72214.000000,27786.000000,25,143315.609410,478182362.547298,1929.081015,0.705045,1,3,1,0.045911
736,71511.000000,28489.000000,25,143968.518571,425114536.269915,1870.708667,0.731613,1,3,1,0.013436
737,75243.000000,24757.000000,27,144376.869526,858867309.581463,1619.798343,0.701367,1,3,1,0.024317
738,76465.000000,23535.000000,28,122944.327272,704447281.502345,1372.633909,0.944093,1,3,1,0.037179
739,80723.000000,19277.000000,30,148562.263975,790908988.068581,1785.856763,0.868960,1,3,1,0.029323
740,74498.000000,25502.000000,24,143357.463172,641050069.552077,1830.260782,0.783774,1,3,1,0.022402
741,75029.000000,24971.000000,27,145203.329355,590910255.844595,1611.627683,0.692272,1,3,1,0.037544
742,78619.000000,21381.000000,29,153707.146302,486398122.078283,1572.112250,0.704077,1,3,1,0.018562
743,74192.000000,25808.000000,26,142560.263823,559022395.334596,1841.191985,0.711550,1,3,1,0.025479
744,77397.000000,22603.000000,26,142651.396299,644815525.314272,1639.063671,0.878013,1,3,1,0.019817
745,74159.000000,25841.000000,28,135711.825800,861950568.735769,1627.770509,0.803050,1,3,1,0.022177
746,75214.000000,24786.000000,26,149584.506932,1039912040.235548,1719.934636,0.673214,1,3,1,0.019870
747,70676.000000,29324.000000,22,130109.865379,716519013.550459,1685.787467,0.903043,1,3,1,0.026799
748,71908.000000,28092.000000,24,157915.519915,783815309.138616,1641.717895,0.743787,1,3,1,0.017601
749,75106.000000,24894.000000,25,159860.563478,602148567.402986,1653.584220,0.655259,1,3,1,0.024207
750,72591.000000,27409.000000,23,128377.397491,451283815.039057,1558.937352,0.819067,1,3,1,0.024445
751,82228.000000,17772.000000,31,157409.043592,756614967.302422,1642.135755,0.682983,1,3,1,0.020207
752,78649.000000,21351.000000,29,125263.879777,420230422.936551,1449.157727,0.961125,1,3,1,0.022171
753,86114.000000,13886.000000,35,186777.236973,1158448015.594324,1759.536106,0.773554,1,3,1,0.013451
754,78914.000000,21086.000000,28,178295.774910,834956959.885629,1907.147405,0.736186,1,3,1,0.014212
755,75082.000000,24918.000000,25,168463.279643,892915472.626963,2106.790031,0.655702,1,3,1,0.016547
756,74807.000000,25193.000000,25,181193.249827,1106731513.479598,2041.092220,0.652008,1,3,1,0.012804
757,78889.000000,21111.000000,29,157643.349999,558819107.273562,1782.449754,0.605580,1,3,1,0.016149
758,75884.000000,24116.000000,28,155631.003796,577877746.326508,1730.785713,0.649106,1,3,1,0.021648
759,92543.000000,7457.000000,44,182431.536951,1547045335.951057,1804.808929,0.858403,1,3,0,0.001811
760,73818.000000,26182.000000,26,158127.785754,1046655313.107042,2020.019991,0.762768,1,3,1,0.012059
761,71370.000000,28630.000000,23,142533.970270,503049017.437258,1901.623912,0.834736,1,3,1,0.022664
762,74395.000000,25605.000000,26,141432.779157,706216725.613358,1658.574788,0.837273,1,3,1,0.016690
763,73264.000000,26736.000000,25,130098.609464,400825897.611949,1627.039969,0.711672,1,3,2,0.012842
764,76570.000000,23430.000000,26,164544.989647,613184761.427109,1902.036700,0.695155,1,3,1,0.014758
765,78082.000000,21918.000000,29,156587.387661,901485865.435828,1800.735377,0.725344,1,3,1,0.012077
766,67450.000000,32550.000000,19,66145.030381,126420704.382798,981.321562,1.060347,1,3,1,0.013864
767,58312.000000,41688.000000,11,58782.900460,762460816.896229,921.187275,1.282462,1,3,1,0.014935
768,84073.000000,15927.000000,34,158572.103976,1487272727.349303,1668.838949,0.807551,1,3,2,0.009800
769,82025.000000,17975.000000,34,180062.812905,974586512.292296,2027.553011,0.667089,1,3,1,0.013382
770,78049.000000,21951.000000,29,177643.207134,782250190.486759,2137.020386,0.636887,1,3,1,0.012951
771,77228.000000,22772.000000,28,174869.545160,1465012860.853464,1968.346454,0.691670,1,3,1,0.014956
772,79686.000000,20314.000000,28,153969.192573,1080151240.610837,1620.362851,0.810482,1,3,1,0.021372
773,77914.000000,22086.000000,27,175386.529193,1014288089.477287,1704.414477,0.634240,1,3,1,0.019478
774,75597.000000,24403.000000,24,134412.501251,512060701.374962,1583.922444,0.847118,1,3,1,0.016803
775,75507.000000,24493.000000,26,180882.269536,1046657315.664390,2509.033902,0.584402,1,3,1,0.017327
776,80127.000000,19873.000000,29,190403.957491,985607837.051108,1972.502239,0.647490,1,3,1,0.014949
777,76671.000000,23329.000000,27,159467.917389,539993915.803973,1774.901357,0.712386,1,3,1,0.022180
778,79688.000000,20312.000000,29,169376.164201,809387632.596535,1894.630972,0.675512,1,3,1,0.013208
779,74048.000000,25952.000000,23,162941.251360,850381143.418830,1890.535951,0.667022,1,3,1,0.019381
780,78781.000000,21219.000000,30,187356.642064,961423339.931532,2457.123717,0.575452,1,3,1,0.024002
781,63631.000000,36369.000000,17,134843.659089,454194954.128291,1960.794162,0.653974,1,3,1,0.019698
782,77210.000000,22790.000000,28,149663.629201,500872947.452228,1702.083269,0.726451,1,3,1,0.015737
783,78807.000000,21193.000000,30,167760.810354,961524769.558626,1791.694018,0.657169,1,3,1,0.014801
784,77485.000000,22515.000000,28,158131.107037,668125036.951198,1841.686004,0.768171,1,3,1,0.017335
785,76947.000000,23053.000000,28,186547.626433,1173302352.371258,2177.326763,0.554559,1,3,1,0.013894
786,90804.000000,9196.000000,42,183655.570868,1470818366.247856,1666.743023,0.575569,1,3,1,0.012313
787,70359.000000,29641.000000,24,146346.861154,461170883.165086,1965.708805,0.679132,1,3,1,0.015433
788,73757.000000,26243.000000,26,174078.357004,1038791285.817099,2020.432889,0.663567,1,3,1,0.018726
789,78272.000000,21728.000000,30,173674.570356,1173259513.712113,2050.681391,0.688577,1,3,1,0.010101
790,78514.000000,21486.000000,27,178070.220190,1119095729.785128,1872.892464,0.625526,1,3,1,0.013984
791,67696.000000,32304.000000,22,177876.731582,1014189837.251181,2368.672846,0.506557,1,3,1,0.017914
792,65542.000000,34458.000000,21,139026.947276,828527244.460717,1983.819180,0.673937,1,3,3,0.019168
793,76254.000000,23746.000000,27,182995.635936,1407164870.802595,2407.168736,0.568637,1,3,1,0.012685
794,78423.000000,21577.000000,29,184750.374948,894411235.485832,2268.169621,0.598916,1,3,1,0.017780
795,74413.000000,25587.000000,27,189161.762436,1467183863.840807,2205.253910,0.659831,1,3,1,0.024117
796,78848.000000,21152.000000,28,184466.257023,1222546300.993584,2404.560497,0.646732,1,3,1,0.018652
797,75706.000000,24294.000000,24,152466.423649,535030682.529613,1773.908998,0.713713,1,3,2,0.012899
798,78284.000000,21716.000000,31,191886.939174,986742902.169612,2227.008630,0.656407,1,3,1,0.014354
799,84314.000000,15686.000000,32,193377.789077,1104507565.279413,2115.592648,0.665376,1,3,1,0.022450
800,84334.000000,15666.000000,32,162433.307425,786177676.222724,1671.323123,0.767500,1,3,1,0.012326
801,73042.000000,26958.000000,23,180864.870840,987877968.295678,2249.792076,0.661873,1,3,1,0.015089
802,75852.000000,24148.000000,28,175229.720166,694626392.622466,2061.855646,0.653337,1,3,1,0.014113
803,70381.000000,29619.000000,20,137567.979496,567315403.125547,1680.708758,0.743248,1,3,1,0.018643
804,77573.000000,22427.000000,30,169849.119566,622639881.245409,1920.586559,0.671429,1,3,1,0.018635
805,77414.000000,22586.000000,29,154948.703402,823674567.423000,1681.921442,0.787596,1,3,1,0.021791
806,77380.000000,22620.000000,27,171330.589338,1131261483.676062,2201.051017,0.758418,1,3,1,0.018384
807,77170.000000,22830.000000,28,178243.446791,1181641979.285474,1906.750362,0.624951,1,3,1,0.014952
808,81403.000000,18597.000000,31,153090.818012,894586350.831587,1623.823992,0.793305,1,3,1,0.018479
809,78373.000000,21627.000000,30,187745.739195,951868975.566250,2088.984820,0.671597,1,3,1,0.023297
810,73962.000000,26038.000000,24,155149.998559,526725551.950266,2051.410626,0.682831,1,3,1,0.016777
811,73085.000000,26915.000000,23,169556.650141,1150494636.783608,2222.187635,0.628882,1,3,1,0.013346
812,77193.000000,22807.000000,29,184034.689038,985959724.238116,1978.416157,0.667419,1,3,1,0.012590
813,78724.000000,21276.000000,26,151761.835866,688201157.670452,1521.903235,0.810829,1,3,1,0.020748
814,70094.000000,29906.000000,24,158179.787288,869516771.105440,2149.420975,0.676244,1,3,1,0.018844
815,79929.000000,20071.000000,28,163570.968567,663850773.839175,1882.315843,0.796861,1,3,1,0.013756
816,80953.000000,19047.000000,31,167903.979953,955317405.379485,1936.099732,0.702511,1,3,1,0.017055
817,72324.000000,27676.000000,27,163212.672821,951620643.575166,2175.751792,0.662866,1,3,1,0.024410
818,84416.000000,15584.000000,38,205465.094929,1321713687.521710,2152.822676,0.666869,1,3,1,0.015862
819,75403.000000,24597.000000,27,162118.193596,1621341401.050090,1997.686793,0.634419,1,3,1,0.015366
820,75417.000000,24583.000000,25,170662.588922,1419836038.739419,2052.832786,0.672480,1,3,1,0.019072
821,88937.000000,11063.000000,38,178128.943913,944233428.982484,1744.435457,0.666861,1,3,1,0.008280
822,74163.000000,25837.000000,29,174968.107186,1057913911.328799,2113.439348,0.627828,1,3,1,0.015200
823,75052.000000,24948.000000,29,171775.436254,1124100261.676200,2066.517614,0.802717,1,3,1,0.010370
824,76475.000000,23525.000000,27,179666.302172,1834176467.086934,2026.537670,0.614330,1,3,1,0.014801
825,75010.000000,24990.000000,25,183372.456588,1039485410.548041,2083.070114,0.585282,1,3,1,0.013387
826,77771.000000,22229.000000,28,158652.033874,911898187.996241,1709.934801,0.728426,1,3,1,0.016925
827,80763.000000,19237.000000,31,158708.895050,922619724.900925,1560.667396,0.821867,1,3,1,0.016227
828,74691.000000,25309.000000,25,140776.348647,549534627.996621,1768.567633,0.819426,1,3,1,0.016716
829,71521.000000,28479.000000,19,165226.886778,927139978.452734,2081.383165,0.603699,1,3,1,0.017830
830,74040.000000,25960.000000,25,166082.441301,1118868905.037863,1885.045743,0.677322,1,3,1,0.012615
831,75715.000000,24285.000000,27,174641.944637,871102785.789537,2242.027540,0.639750,1,3,1,0.010867
832,79968.000000,20032.000000,30,165283.248301,960439389.996679,1692.220021,0.767881,1,3,1,0.012124
833,82312.000000,17688.000000,34,200868.508245,1458501487.975898,2078.621934,0.649486,1,3,1,0.019015
834,81502.000000,18498.000000,30,167331.490743,1287181795.001257,1678.596042,0.704463,1,3,1,0.018069
835,77293.000000,22707.000000,28,162410.559990,645184093.457954,1743.916046,0.693068,1,3,1,0.018878
836,74955.000000,25045.000000,25,150297.417012,439183894.135687,1877.056502,0.754105,1,3,1,0.021130
837,81996.000000,18004.000000,31,183125.529907,1136332546.603773,1847.616339,0.660522,1,3,1,0.016422
838,73600.000000,26400.000000,23,166034.750500,1045321177.044968,2162.891899,0.611629,1,3,1,0.022619
839,73054.000000,26946.000000,25,150017.623713,843506922.280972,1833.005073,0.760681,1,3,1,0.015341
840,76301.000000,23699.000000,26,153364.894356,478116541.543279,1838.125496,0.710637,1,3,1,0.014735
841,80923.000000,19077.000000,30,172384.961791,1134832250.148082,1806.799427,0.735446,1,3,1,0.021131
842,92451.000000,7549.000000,41,203115.373752,1836223788.895232,2041.257112,0.701795,1,3,2,0.007248
843,78920.000000,21080.000000,28,181417.271773,1372425952.467185,2294.418177,0.741714,1,3,1,0.020070
844,94281.000000,5719.000000,45,191768.617550,2147704629.832436,1653.027989,0.722812,1,3,1,0.015960
845,76145.000000,23855.000000,25,161619.620135,631486516.266443,1868.968361,0.708190,1,3,1,0.013320
846,78914.000000,21086.000000,30,169349.348427,1249175587.130000,1969.788238,0.746492,1,3,1,0.012600
847,78650.000000,21350.000000,28,173205.355197,1148236321.018289,1763.171294,0.758311,1,3,1,0.012134
848,81940.000000,18060.000000,37,198854.392533,1203959529.499309,2120.841377,0.601969,1,3,1,0.016823
849,82510.000000,17490.000000,33,178316.869250,1016689103.148223,1849.347451,0.600193,1,3,1,0.011661
850,80069.000000,19931.000000,30,165030.047375,1622195894.253381,1952.675786,0.684403,1,3,1,0.016046
851,75090.000000,24910.000000,25,180230.066027,739688243.767731,2080.864062,0.666628,1,3,1,0.012769
852,73414.000000,26586.000000,24,156735.872455,570894759.671312,1923.573312,0.700587,1,3,1,0.023846
853,76320.000000,23680.000000,29,157458.014409,1219723322.036309,1761.327237,0.779730,1,3,1,0.019290
854,76350.000000,23650.000000,27,177608.693174,1264820822.083126,2260.093806,0.689818,1,3,1,0.016488
855,89385.000000,10615.000000,41,195276.776611,1205336490.527698,1658.415650,0.707055,1,3,1,0.016080
856,72822.000000,27178.000000,24,160060.625534,613878123.801521,2319.660704,0.801686,1,3,1,0.012720
857,77772.000000,22228.000000,29,157626.228840,533869506.799860,1788.147702,0.729809,1,3,1,0.016105
858,80486.000000,19514.000000,31,194611.443523,1016752274.244068,2334.146463,0.559222,1,3,1,0.012213
859,72811.000000,27189.000000,22,163569.360775,865469914.455228,2277.224795,0.659832,1,3,1,0.016734
860,74897.000000,25103.000000,23,189495.640261,1524509923.335294,2410.672897,0.673460,1,3,1,0.019587
861,76522.000000,23478.000000,31,157420.114067,980073149.604640,1837.219789,0.615020,1,3,1,0.016330
862,70920.000000,29080.000000,23,156298.588764,1086439322.144234,2237.557904,0.687851,1,3,1,0.019367
863,77169.000000,22831.000000,28,169062.564891,889232859.783465,1969.530333,0.672801,1,3,1,0.016602
864,76709.000000,23291.000000,28,168011.159389,652908178.017829,1815.226506,0.722573,1,3,1,0.013257
865,77410.000000,22590.000000,26,166036.885226,707876683.017113,1763.610462,0.767954,1,3,1,0.016582
866,85872.000000,14128.000000,36,178252.865755,941590267.327234,1943.637934,0.759259,1,3,1,0.015546
867,68272.000000,31728.000000,24,140415.047832,722534649.708615,1866.378107,0.723811,1,3,1,0.016879
868,80613.000000,19387.000000,33,156570.179494,672864896.573134,1626.229416,0.692139,1,3,1,0.018656
869,76188.000000,23812.000000,27,175498.991441,852550141.229531,2155.080260,0.632875,1,3,1,0.014374
870,77754.000000,22246.000000,31,157146.650498,1054282071.834697,1855.012305,0.794130,1,3,1,0.011779
871,76368.000000,23632.000000,27,187008.918916,950435803.481055,2181.806823,0.585925,1,3,1,0.016238
872,75367.000000,24633.000000,27,177595.989579,1198273677.912408,1818.816804,0.657137,2,2,1,0.018105
873,80037.000000,19963.000000,27,172780.332535,1028415217.715440,1829.984491,0.614175,2,2,1,0.013907
874,78986.000000,21014.000000,31,191416.902518,892482293.228052,2072.158644,0.527879,2,2,1,0.016199
875,79309.000000,20691.000000,30,169178.267553,949653299.262236,1714.390331,0.716289,2,2,1,0.027691
876,76590.000000,23410.000000,26,181858.769140,756869698.032405,2159.668423,0.527880,2,2,1,0.016062
877,77909.000000,22091.000000,28,178336.624171,1352848026.509465,2336.983711,0.623355,2,2,1,0.026026
878,77902.000000,22098.000000,28,166016.474729,1221730669.930387,1839.483612,0.669396,2,2,1,0.015369
879,76536.000000,23464.000000,26,141943.930959,815103073.412100,1728.313432,0.751936,2,2,1,0.032904
880,73760.000000,26240.000000,25,179120.553911,942412197.588588,2081.478265,0.599774,2,2,1,0.025674
881,73597.000000,26403.000000,26,176802.352831,865777708.941604,2001.400080,0.584767,2,2,1,0.021058
882,77586.000000,22414.000000,25,176055.836963,876167764.261986,2045.854326,0.580924,2,2,1,0.012341
883,85093.000000,14907.000000,39,216390.639336,1704048518.567336,2131.285467,0.473021,2,2,1,0.011034
884,78562.000000,21438.000000,29,176965.611326,803099617.150487,2271.440133,0.740327,2,2,2,0.028138
885,77902.000000,22098.000000,28,179692.732203,866289863.891197,2059.334278,0.550092,2,2,1,0.022828
886,77016.000000,22984.000000,28,176653.401364,766013378.810766,1989.940009,0.605015,2,2,1,0.022248
887,74117.000000,25883.000000,23,163154.919405,788225328.447715,1880.071013,0.589287,2,2,1,0.027495
888,75519.000000,24481.000000,26,178954.227932,1053427833.816081,2045.078908,0.548130,2,2,1,0.014115
889,86966.000000,13034.000000,37,187466.099648,894284187.928880,1791.610452,0.539303,2,2,1,0.013905
890,71247.000000,28753.000000,25,173342.159913,1004540784.792935,1946.570737,0.521594,2,2,1,0.028045
891,79766.000000,20234.000000,33,189506.360439,924116450.419766,2338.718113,0.575170,2,2,1,0.022359
892,79064.000000,20936.000000,33,174629.545535,931416574.784168,1832.980323,0.653376,2,2,1,0.019488
893,77259.000000,22741.000000,29,202184.572513,1328650180.073019,2374.346059,0.542455,2,2,1,0.024552
894,74816.000000,25184.000000,25,194169.922762,1208858885.850192,2136.797602,0.490528,2,2,1,0.011907
895,72609.000000,27391.000000,24,186467.306684,812991241.933628,2282.781466,0.498584,2,2,1,0.023365
896,68682.000000,31318.000000,21,145783.740791,865732405.694213,1923.175512,0.647717,2,2,1,0.019361
897,79478.000000,20522.000000,29,161779.215590,773560655.773773,1797.914843,0.664827,2,2,1,0.020317
898,74188.000000,25812.000000,27,160281.238040,976401062.538546,2024.171369,0.636033,2,2,1,0.014610
899,90025.000000,9975.000000,38,202910.983720,1432224844.212554,1998.727369,0.527689,2,2,1,0.012873
900,71937.000000,28063.000000,24,170318.132775,912551971.491803,2146.847829,0.575054,2,2,1,0.017657
901,75197.000000,24803.000000,24,156966.657243,844859157.434011,1824.229235,0.591287,2,2,1,0.026672
902,71349.000000,28651.000000,22,221826.141530,1417727520.672974,2993.369095,0.380755,4,4,1,0.032388
903,74444.000000,25556.000000,25,214172.436808,1549416535.439744,2645.492912,0.421731,4,4,2,0.046954
904,68194.000000,31806.000000,21,215427.161632,1406965250.523198,2933.694735,0.443084,4,4,1,0.024334
905,71736.000000,28264.000000,22,220414.146140,1258688259.817756,2865.702799,0.442186,4,4,1,0.040497
906,69615.000000,30385.000000,23,209378.109549,2032776692.704008,2727.233679,0.467238,4,4,1,0.063356
907,74336.000000,25664.000000,23,223134.856012,1742093846.309537,2852.163666,0.517286,4,4,2,0.035874
908,83947.000000,16053.000000,37,236375.627252,1236355867.995374,2709.998705,0.382005,4,4,2,0.012913
909,71384.000000,28616.000000,23,219423.288955,1207941126.643086,3082.676271,0.538380,4,4,2,0.040848
910,72815.000000,27185.000000,24,223440.449012,1323812261.514937,2998.304036,0.435220,4,4,2,0.050919
911,67383.000000,32617.000000,22,205301.458915,1309526532.900773,2747.922047,0.451992,4,4,1,0.057553
912,75152.000000,24848.000000,26,227657.925337,1190309669.128765,2809.974755,0.513417,3,4,2,0.043879
913,73768.000000,26232.000000,27,223492.941845,1385956486.046334,2698.948962,0.465392,3,4,2,0.050210
914,78018.000000,21982.000000,29,216125.093542,1375322795.656404,2494.723261,0.556003,3,4,1,0.039810
915,77812.000000,22188.000000,29,230040.621364,1303914968.961499,2622.031611,0.465269,3,4,1,0.021397
916,95141.000000,4859.000000,43,234298.758015,1449131494.249969,2083.966104,0.599572,3,4,1,0.002646
917,78912.000000,21088.000000,30,218439.202459,1096715898.744264,2412.074531,0.533440,3,4,1,0.033421
918,76424.000000,23576.000000,26,212796.317181,1377826765.353558,2368.500827,0.547142,3,4,1,0.028998
919,78031.000000,21969.000000,29,208098.186892,1402504155.393363,2463.836195,0.600667,3,4,2,0.019941
920,74369.000000,25631.000000,26,216809.605741,1325239696.454036,2431.861560,0.568062,3,4,1,0.036693
921,73585.000000,26415.000000,27,221716.081939,1199827167.169868,2545.703422,0.456810,3,4,1,0.034465
922,79069.000000,20931.000000,30,207555.102684,1403235112.784389,2272.449282,0.677007,3,4,1,0.068276
923,79266.000000,20734.000000,29,223389.844866,1153537246.354477,2587.255673,0.541837,3,4,2,0.040031
924,84948.000000,15052.000000,30,220927.663217,1482056898.946833,2432.003720,0.701974,3,4,1,0.076551
925,78367.000000,21633.000000,29,218966.998517,1428860584.138002,2263.252872,0.638297,3,4,1,0.027811
926,83794.000000,16206.000000,32,212953.375668,1521785204.416175,2042.631692,0.693500,3,4,2,0.023663
927,86113.000000,13887.000000,35,225182.440743,1318536549.293288,2245.326919,0.569383,3,4,2,0.017752
928,80389.000000,19611.000000,28,207897.073494,1476387600.624365,2216.181230,0.613705,3,4,1,0.041962
929,78953.000000,21047.000000,29,211160.961065,1300734484.355129,2444.211817,0.536153,3,4,1,0.138129
930,70879.000000,29121.000000,24,219604.506865,1269036249.537706,3139.607991,0.513406,3,4,2,0.067065
931,76140.000000,23860.000000,25,213424.334431,1125446680.700449,2458.989693,0.563241,3,4,2,0.032330
932,77412.000000,22588.000000,28,212460.592209,1169406943.499641,2298.046742,0.619968,3,4,1,0.023262
933,74047.000000,25953.000000,26,207621.344525,1334738544.122164,2352.116110,0.604680,3,4,1,0.110861
934,78907.000000,21093.000000,31,226645.985933,1320701215.056265,2585.276022,0.481737,3,4,2,0.035760
935,78479.000000,21521.000000,31,217497.063259,1350696063.473787,2634.955291,0.630765,3,4,2,0.019758
936,76754.000000,23246.000000,28,206609.205369,1652585490.597079,2273.738381,0.595020,3,4,1,0.083844
937,72617.000000,27383.000000,25,204877.987964,1244321876.425902,2468.695273,0.536341,3,4,2,0.037531
938,82542.000000,17458.000000,31,222257.020817,1256104557.511846,2391.174540,0.522930,3,4,1,0.096755
939,76170.000000,23830.000000,28,209057.549983,1799026184.825965,2197.262770,0.661327,3,4,2,0.054936
940,71235.000000,28765.000000,23,210431.943487,1321378456.763616,2782.724097,0.582033,3,4,1,0.063283
941,82887.000000,17113.000000,31,216273.855287,1334851719.163764,2307.425523,0.616493,3,4,1,0.080225
942,70974.000000,29026.000000,25,215575.750127,1226808040.624587,2770.203499,0.481820,3,4,1,0.040293
943,76933.000000,23067.000000,28,206874.842593,1292237310.838485,2019.955763,0.631952,3,4,1,0.060613
944,78615.000000,21385.000000,28,223383.042090,1311963092.791466,2438.369126,0.586980,3,4,1,0.048737
945,74363.000000,25637.000000,27,219525.709898,1415488281.025861,2603.971625,0.585551,3,4,1,0.103118
946,70210.000000,29790.000000,24,210642.144260,1334495387.238444,2584.467521,0.541953,3,4,1,0.054058
947,74171.000000,25829.000000,25,221299.028019,1298310284.560921,2581.998088,0.503658,3,4,1,0.048889
948,99582.000000,418.000000,49,232057.652860,1428252757.526098,1837.329563,0.708027,3,4,1,-0.000000
949,67088.000000,32912.000000,20,170803.150881,1032389895.601566,2269.102657,0.524615,2,2,2,0.018022
950,75306.000000,24694.000000,26,166728.192507,765650694.148274,1987.483314,0.670466,2,2,2,0.012840
951,83201.000000,16799.000000,35,184423.172338,1248554320.754276,1884.988151,0.699112,2,2,2,0.013147
952,77794.000000,22206.000000,29,178719.587023,1080103184.186603,2023.957348,0.554412,2,2,1,0.009545
953,76598.000000,23402.000000,29,176575.059542,1143297159.659585,1884.302721,0.647002,2,2,1,0.011464
954,75210.000000,24790.000000,25,156316.276496,1351906368.523070,1908.951791,0.682770,2,2,1,0.013803
955,82856.000000,17144.000000,37,195300.145882,1423476960.735274,1957.618130,0.593100,2,2,1,0.002219
956,76079.000000,23921.000000,25,158529.010523,894001810.460369,1991.545457,0.689555,2,2,1,0.015328
957,78356.000000,21644.000000,30,178513.337079,1763191524.232586,1955.222379,0.681315,2,2,1,0.018976
958,78188.000000,21812.000000,28,183055.889353,1066702084.015400,2105.895531,0.726907,2,2,1,0.015236
959,69046.000000,30954.000000,22,168972.429204,802191464.656832,2315.862367,0.554499,2,2,1,0.019866
960,100000.000000,1.000000,50,202423.343959,1243703377.009187,1460.679712,0.750040,2,2,2,0.012671
961,79898.000000,20102.000000,27,172533.899643,750982690.391695,1910.194568,0.704947,2,2,1,0.017289
962,72361.000000,27639.000000,25,150938.371220,759708041.784924,1909.822814,0.721946,2,2,2,0.018216
963,78355.000000,21645.000000,28,195524.354619,1259283861.921255,2270.838413,0.592171,2,2,3,0.024265
964,71232.000000,28768.000000,23,156318.803086,690018968.572399,1934.437691,0.651498,2,2,1,0.019956
965,76644.000000,23356.000000,27,195003.594121,1058389540.913473,2060.893708,0.617939,2,2,1,0.010800
966,76380.000000,23620.000000,26,176433.777822,975186757.987937,2088.737209,0.654335,2,2,1,0.022112
967,73094.000000,26906.000000,23,154656.412344,1170729733.191225,1795.084139,0.687471,2,2,1,0.016910
968,80476.000000,19524.000000,31,187849.090188,1021963116.498963,2078.633105,0.589665,2,2,1,0.012659
969,72500.000000,27500.000000,24,174727.839395,1189919074.896240,2191.105755,0.603267,2,2,1,0.012600
970,76766.000000,23234.000000,27,183585.616552,1007930324.278435,2282.456945,0.615210,2,2,1,0.017986
971,85285.000000,14715.000000,41,199515.546696,1928129784.686701,2075.320358,0.564341,2,2,2,0.005931
972,76768.000000,23232.000000,28,173486.351681,1165066525.706003,2172.741893,0.664033,2,2,1,0.009838
973,69703.000000,30297.000000,25,143735.057228,910874475.713435,2076.452671,0.765338,2,2,2,0.025059
974,78557.000000,21443.000000,28,177066.092191,986803296.872074,1927.150006,0.659244,2,2,1,0.013467
975,73327.000000,26673.000000,23,149157.592659,571723624.191235,1957.844152,0.706391,2,2,1,0.012195
976,77562.000000,22438.000000,28,181354.791066,1349926982.934238,2154.145285,0.648445,2,2,1,0.013185
977,74964.000000,25036.000000,28,159778.004193,1549004468.779785,1860.871737,0.818492,2,2,1,0.014907
978,74042.000000,25958.000000,25,170143.219566,1232961545.722321,1904.995360,0.596438,2,2,1,0.019368
979,79770.000000,20230.000000,27,161586.908674,1316771157.626544,1941.462965,0.749550,2,2,1,0.017312
980,75516.000000,24484.000000,30,163069.761415,795188344.298441,1941.053076,0.688838,2,2,1,0.017364
981,74105.000000,25895.000000,29,170930.559658,1144618045.984096,2068.785904,0.740492,2,2,1,0.017867
982,91853.000000,8147.000000,44,200354.176179,1529399289.143819,1881.366807,0.682246,2,2,1,0.004316
983,76532.000000,23468.000000,27,180872.679678,1008198026.888294,2335.806998,0.598447,2,2,1,0.019038
984,73734.000000,26266.000000,24,181564.753014,1238055175.508839,2474.577335,0.537781,2,2,1,0.018152
985,77282.000000,22718.000000,29,168861.445013,674991848.301780,1869.267837,0.750286,2,2,1,0.021569
986,74897.000000,25103.000000,23,166151.807428,741121231.180254,2134.658703,0.636441,2,2,3,0.018860
987,76086.000000,23914.000000,27,174610.259276,854208821.833160,2046.018416,0.601750,2,2,1,0.015015
988,95025.000000,4975.000000,45,207842.717899,1288364499.979333,2167.838481,0.583707,2,2,1,0.002415
989,77214.000000,22786.000000,28,185219.328628,1222978180.743912,2013.293258,0.615898,2,2,1,0.021508
990,85522.000000,14478.000000,34,190731.353472,1241183398.331809,1833.670234,0.650006,2,2,1,0.017112
991,75002.000000,24998.000000,27,167856.483825,880398789.939751,1990.126807,0.681161,2,2,3,0.020777
992,81254.000000,18746.000000,32,187018.610613,1160236514.026442,2211.204795,0.658213,2,2,3,0.018003
993,79544.000000,20456.000000,31,191130.636813,1215194037.214156,2097.599542,0.581336,2,2,1,0.013069
994,82227.000000,17773.000000,34,186305.227982,766937705.785660,1893.853954,0.698219,2,2,1,0.018102
995,77489.000000,22511.000000,29,161862.008334,807765572.032890,1785.997578,0.655635,2,2,3,0.006890
996,81707.000000,18293.000000,34,173988.685227,1132671362.886714,1852.035254,0.729830,2,2,1,0.016271
997,80255.000000,19745.000000,29,161029.734398,585027054.939179,1646.316910,0.750707,2,2,3,0.013409
998,72284.000000,27716.000000,25,170890.946193,1756253243.813486,2430.084683,0.652129,2,2,1,0.020438
999,78508.000000,21492.000000,26,199215.853943,1067511104.105906,2341.777311,0.491328,2,2,3,0.011507
1000,79367.000000,20633.000000,29,196329.150547,1081637686.331582,2100.958803,0.584651,2,2,1,0.013777
1001,77260.000000,22740.000000,27,204620.901126,1243181447.189063,2475.676354,0.501045,2,2,1,0.018184
1002,73644.000000,26356.000000,27,154100.643389,1130665230.065942,1915.479652,0.695644,2,2,1,0.022554
1003,78202.000000,21798.000000,28,195031.679449,1042328192.301065,2278.380688,0.565408,2,2,1,0.016544
1004,86825.000000,13175.000000,39,190627.566782,1144167366.193614,1902.008461,0.774375,2,2,2,0.019757
1005,81604.000000,18396.000000,31,195575.079247,1306651549.180975,2090.245046,0.676705,2,2,3,0.016658
1006,72944.000000,27056.000000,26,193787.237805,1205078357.978024,2681.234165,0.506608,2,2,3,0.020482
1007,74034.000000,25966.000000,25,187969.329790,985818794.812734,2293.305537,0.539487,2,2,1,0.018427
1008,71817.000000,28183.000000,24,190981.826463,1426725100.145851,2397.329441,0.535773,2,2,1,0.024342
1009,71962.000000,28038.000000,24,194520.443031,1286748428.870153,2514.903070,0.495434,2,2,1,0.022080
1010,94732.000000,5268.000000,46,214461.467339,1396016208.237236,1807.313144,0.708065,2,2,0,0.001684
1011,91162.000000,8838.000000,44,214758.948031,1530883827.885041,1880.662107,0.641044,2,2,1,0.002965
1012,80475.000000,19525.000000,30,199909.576588,1485001738.290855,1997.159168,0.695092,2,2,1,0.011290
1013,80520.000000,19480.000000,31,197958.208552,1141036667.554085,2367.315315,0.644213,2,2,4,0.028338
1014,74449.000000,25551.000000,27,194568.975555,1086928947.388693,2341.713778,0.530976,2,2,4,0.013051
1015,74511.000000,25489.000000,25,200757.046723,1422053737.611111,2315.900376,0.600844,2,2,2,0.023625
1016,77844.000000,22156.000000,30,202775.370294,1007267489.911783,2280.270619,0.548471,2,2,4,0.016432
1017,73407.000000,26593.000000,27,206743.928429,1040054848.448738,2462.674996,0.509494,2,2,1,0.014604
1018,80987.000000,19013.000000,33,195221.552010,1204233119.879155,2197.293861,0.584060,2,2,1,0.021636
1019,82378.000000,17622.000000,32,205702.320922,1015741837.561906,2134.919720,0.577819,2,2,4,0.033771
1020,78082.000000,21918.000000,27,175821.488931,817353074.146850,2127.708934,0.648705,2,2,1,0.016442
1021,78152.000000,21848.000000,29,191010.663542,1365249510.811475,2127.966173,0.653478,2,2,1,0.017083
1022,74526.000000,25474.000000,26,178014.676513,1144512460.571892,2168.789878,0.564111,2,2,1,0.014547
1023,77295.000000,22705.000000,24,189991.187686,1546711092.509638,2426.136428,0.665281,2,2,1,0.023193
1024,73048.000000,26952.000000,24,178841.589929,1086142508.077760,2445.318584,0.744285,2,2,1,0.014400
1025,76979.000000,23021.000000,27,166755.349392,1056692596.854724,2011.302815,0.895663,2,2,2,0.016616
1026,86595.000000,13405.000000,35,208555.919527,1617227301.891912,1961.688759,0.641863,2,2,1,0.006279
1027,73833.000000,26167.000000,27,191436.851195,1205700719.032401,2287.823464,0.713738,2,2,1,0.022075
1028,75280.000000,24720.000000,29,185746.565355,1006528615.743965,2156.330218,0.734804,2,2,1,0.020331
1029,78636.000000,21364.000000,29,158443.016874,1074616204.741097,1798.444272,0.866386,2,2,1,0.023814
1030,86637.000000,13363.000000,38,196313.128931,1423631380.593858,1832.770730,0.763840,2,2,2,0.018157
1031,78295.000000,21705.000000,28,192958.515639,1232646004.818649,2183.949688,0.675140,2,2,4,0.019673
1032,79230.000000,20770.000000,29,192716.388194,1569956025.936605,2015.429839,0.781301,2,2,1,0.025658
1033,76974.000000,23026.000000,26,184973.915923,957548574.106029,2120.816010,0.807108,2,2,1,0.021300
1034,84434.000000,15566.000000,33,182971.950216,1047287138.331231,1814.424985,0.776558,2,2,1,0.012507
1035,78342.000000,21658.000000,31,182461.241630,949002293.626108,2167.863864,0.752918,2,2,2,0.009978
1036,82334.000000,17666.000000,31,187280.923781,1393300223.637524,2044.542257,0.767983,2,2,1,0.013627
1037,84843.000000,15157.000000,34,209343.984251,1391266261.559824,2439.031312,0.657220,2,2,1,0.016968
1038,78608.000000,21392.000000,28,191199.447990,1339602484.511471,2253.438762,0.766255,2,2,1,0.030369
1039,79081.000000,20919.000000,29,197266.514033,1016270053.618127,2124.847673,0.666165,2,2,1,0.014501
1040,76141.000000,23859.000000,27,181798.878929,863595926.877437,2197.649949,0.599306,2,2,1,0.015788
1041,84645.000000,15355.000000,33,178703.238119,896591488.647071,1750.713181,0.857220,2,2,3,0.011412
1042,69219.000000,30781.000000,24,177298.131514,1031931261.157816,2180.285354,0.646768,2,2,1,0.038291
1043,73242.000000,26758.000000,24,182677.637485,950454846.115732,2408.181966,0.747404,2,2,2,0.015448
1044,81360.000000,18640.000000,31,210197.053577,1801192445.236525,2376.621378,0.675819,2,2,1,0.015877
1045,79620.000000,20380.000000,30,184029.733965,883773382.361763,1895.514662,0.667457,2,2,1,0.020656
1046,85997.000000,14003.000000,38,201161.646435,1125714940.072375,2104.587123,0.682186,2,2,2,0.018992
1047,90400.000000,9600.000000,43,196761.873292,1432192994.361302,1819.453798,0.707646,2,2,0,0.000000
1048,76796.000000,23204.000000,28,190106.311983,900163253.042848,2250.882118,0.600897,2,2,2,0.022719
1049,70126.000000,29874.000000,23,151346.202970,870205639.810067,2105.508686,0.605383,2,2,3,0.023089
1050,75673.000000,24327.000000,27,164985.971666,744298999.477904,2080.064769,0.740860,2,2,1,0.028873
1051,67139.000000,32861.000000,20,173672.933245,991296660.450242,3053.805382,0.651236,2,2,1,0.011731
1052,82409.000000,17591.000000,31,192763.860123,970879712.001402,1888.335907,0.830878,2,2,1,0.029167
1053,76430.000000,23570.000000,28,189629.931744,1197613519.478691,2179.665531,0.613746,2,2,1,0.026947
1054,74478.000000,25522.000000,26,186214.719107,1247192827.790702,2166.416582,0.677339,2,2,1,0.018875
1055,78080.000000,21920.000000,27,179264.001221,1286306714.689798,2368.972596,0.763684,2,2,1,0.032478
1056,81458.000000,18542.000000,31,188636.743428,941910320.075096,1938.149456,0.736350,2,2,2,0.012146
1057,79552.000000,20448.000000,32,185227.985974,932219837.473401,2019.083842,0.615415,2,2,1,0.046894
1058,73575.000000,26425.000000,24,166148.904723,725553477.835516,1947.613132,0.735740,2,2,1,0.024673
1059,66748.000000,33252.000000,19,177809.007070,1274886370.813128,2944.730767,0.678127,2,2,2,0.020299
1060,71660.000000,28340.000000,22,158451.800149,1403828845.018343,1934.820254,0.748516,2,2,1,0.027751
1061,99531.000000,469.000000,48,209000.353995,1583280680.736585,1683.285666,0.786294,2,2,0,0.000000
1062,77760.000000,22240.000000,30,181443.463176,1074502034.247217,2082.201983,0.714919,2,2,2,0.026243
1063,85386.000000,14614.000000,35,203119.489317,1926680554.110513,1982.261734,0.678495,2,2,2,0.015505
1064,72659.000000,27341.000000,24,164302.921571,461498452.444982,2115.087394,0.756146,2,2,1,0.060848
1065,84224.000000,15776.000000,34,192932.183288,1018596107.888683,1945.839986,0.718742,2,2,1,0.015467
1066,79442.000000,20558.000000,29,166941.424138,642601523.134238,1969.084991,0.888768,2,2,2,0.022007
1067,77810.000000,22190.000000,28,169552.411588,690202617.007772,1894.785582,0.803760,2,2,2,0.017452
1068,75668.000000,24332.000000,29,146921.329871,481717527.027222,1779.157630,0.831121,2,2,1,0.023308
1069,74129.000000,25871.000000,29,169566.345129,800152209.080427,2034.498033,0.641650,2,2,1,0.013478
1070,95889.000000,4111.000000,45,195437.485565,996642703.912323,1844.773548,0.698591,2,2,2,0.009054
1071,75641.000000,24359.000000,24,190200.090168,1488777330.946123,2395.616266,0.554343,2,2,3,0.019658
1072,73877.000000,26123.000000,23,198103.557677,1250433764.020209,2523.987984,0.544531,2,2,2,0.017616
1073,74045.000000,25955.000000,26,177998.492247,869703018.438618,2174.976182,0.626830,2,2,1,0.015829
1074,77920.000000,22080.000000,30,165368.346988,700135558.737200,2018.149692,0.767688,2,2,1,0.019706
1075,75743.000000,24257.000000,28,155210.782563,1048703402.457634,1870.939082,1.023278,2,2,3,0.023296
1076,70837.000000,29163.000000,25,153562.461010,754687288.861822,1913.325184,0.619246,2,2,1,0.035961
1077,79986.000000,20014.000000,32,178662.147395,1045141781.205841,2115.495090,0.695881,2,2,1,0.023512
1078,76476.000000,23524.000000,28,204299.254451,1374100388.718811,2607.454618,0.548609,2,2,1,0.018177
1079,69489.000000,30511.000000,21,198381.396126,1195034503.205763,2702.253868,0.543748,2,2,1,0.032160
1080,83275.000000,16725.000000,30,209981.071546,1211528245.969011,2395.017013,0.535983,2,2,1,0.056071
1081,75109.000000,24891.000000,24,170405.982064,958090615.243361,2134.629902,0.741899,2,2,2,0.027809
1082,86244.000000,13756.000000,34,204342.584963,1394186010.760174,2051.563638,0.569804,2,2,1,0.020544
1083,75980.000000,24020.000000,27,182751.944493,1336145388.610200,2172.790993,0.686933,2,2,1,0.023948
1084,70339.000000,29661.000000,22,194757.045724,1306661859.223542,2384.085056,0.532506,2,2,1,0.017154
1085,73207.000000,26793.000000,29,183441.284702,1070597354.860735,2404.955994,0.598326,2,2,1,0.036046
1086,77524.000000,22476.000000,28,189988.059300,1351133905.365086,2287.963415,0.591671,2,2,2,0.020737
1087,74719.000000,25281.000000,28,184546.904291,1078214224.369909,2093.304166,0.628998,2,2,1,0.014653
1088,67459.000000,32541.000000,21,189750.890457,1386530317.033852,3337.821752,0.488479,2,2,2,0.018083
1089,69729.000000,30271.000000,22,200932.795883,1123734844.208944,3081.373388,0.475183,2,2,1,0.030594
1090,70151.000000,29849.000000,22,179126.976072,924047827.187159,2404.270049,0.551055,2,2,1,0.035390
1091,80193.000000,19807.000000,30,193186.602246,1035927221.368086,2087.952499,0.593699,2,2,1,0.017651
1092,75186.000000,24814.000000,24,202383.710464,1400992230.552056,2263.737776,0.549730,2,2,2,0.012773
1093,71937.000000,28063.000000,25,181536.566726,709800482.656887,2518.103828,0.615130,2,2,1,0.032060
1094,82891.000000,17109.000000,34,204019.432644,1256013456.950731,2015.670482,0.658302,2,2,1,0.016814
1095,76141.000000,23859.000000,27,185638.098057,1144582825.988035,2148.347715,0.663788,2,2,4,0.018845
1096,76547.000000,23453.000000,27,192422.990813,1342038178.593464,2347.788218,0.588180,2,2,1,0.016039
1097,73164.000000,26836.000000,26,210378.396186,1774428050.295171,2943.038781,0.502413,2,2,2,0.016915
1098,77751.000000,22249.000000,30,207393.405287,1127618313.477568,2499.617388,0.544462,2,2,1,0.020477
1099,78506.000000,21494.000000,30,190149.527123,1335239400.806442,2145.735018,0.695042,2,2,1,0.017609
1100,80765.000000,19235.000000,29,189913.934283,1268433438.256345,1982.545956,0.604607,2,2,2,0.033389
1101,73353.000000,26647.000000,25,183311.815699,974865627.768034,2337.058962,0.587630,2,2,2,0.037143
1102,79386.000000,20614.000000,29,186486.888771,791088176.570715,2168.648504,0.555073,2,2,1,0.025459
1103,70321.000000,29679.000000,21,177010.960495,1373166853.045160,2462.480508,0.687136,2,2,2,0.026021
1104,70683.000000,29317.000000,24,201463.632113,1355839133.339006,2579.305531,0.513692,2,2,1,0.021804
1105,68762.000000,31238.000000,21,191890.175124,1184407970.808126,2505.303243,0.450487,2,2,1,0.024084
1106,75401.000000,24599.000000,26,205374.042543,1519682330.097962,2542.972692,0.673323,2,2,1,0.027004
1107,78468.000000,21532.000000,28,187227.565126,1449509388.364347,1994.989560,0.684773,2,2,2,0.015688
1108,76853.000000,23147.000000,29,197668.430234,1003090588.391109,2358.540023,0.668094,2,2,2,0.021166
1109,73696.000000,26304.000000,25,190313.294644,996636904.419808,2233.875396,0.688764,2,2,1,0.021157
1110,83024.000000,16976.000000,30,196759.502063,1353296879.462307,1933.777567,0.669494,2,2,1,0.013939
1111,77860.000000,22140.000000,30,202833.864150,1332177071.291445,2386.962537,0.551190,2,2,2,0.021591
1112,82439.000000,17561.000000,33,199636.129158,1538762922.190988,1946.773789,0.696161,2,2,1,0.021369
1113,75086.000000,24914.000000,23,203682.709034,1196064256.965010,2511.586309,0.611809,2,2,2,0.021526
1114,81477.000000,18523.000000,32,206760.731907,1426493300.646840,2075.582369,0.600174,2,2,1,0.014235
1115,75626.000000,24374.000000,27,191466.354606,1198107884.726296,2411.561303,0.529546,2,2,2,0.014448
1116,74970.000000,25030.000000,21,211122.833425,1306092699.268740,2904.106353,0.587370,2,2,1,0.031965
1117,99915.000000,85.000000,49,224104.546755,1622360099.373307,1901.700934,0.657436,2,2,0,0.000000
1118,80008.000000,19992.000000,29,178709.959185,984837188.186077,2088.248629,0.696916,2,2,1,0.020562
1119,75129.000000,24871.000000,29,184236.647328,1212653932.152706,2409.319901,0.628910,2,2,1,0.016231
1120,77227.000000,22773.000000,29,175804.030265,1321024327.719435,2025.596678,0.573005,2,2,2,0.031633
1121,75082.000000,24918.000000,24,200643.706537,1459461240.647763,2266.775584,0.569249,2,2,1,0.013570
1122,75025.000000,24975.000000,24,138524.710446,492276227.526636,1629.385606,0.602391,4,3,1,0.008113
1123,72976.000000,27024.000000,24,160594.691774,901521249.276144,2110.115299,0.465703,4,3,1,0.008426
1124,74958.000000,25042.000000,24,164295.594865,760814280.827636,2114.240526,0.476815,4,3,1,0.008636
1125,72937.000000,27063.000000,24,140652.100842,352616498.840855,1891.081915,0.538378,4,3,1,0.009926
1126,87221.000000,12779.000000,37,193285.176467,1818043126.692656,1976.705652,0.536544,4,3,1,0.006190
1127,75895.000000,24105.000000,26,153859.626167,1014309723.575730,1845.398102,0.488637,4,3,1,0.008839
1128,74805.000000,25195.000000,28,156857.846252,950791627.401999,2066.170766,0.504222,4,3,1,0.008010
1129,70460.000000,29540.000000,21,140826.851438,668197174.195889,2000.481938,0.496604,4,3,1,0.008157
1130,73600.000000,26400.000000,25,159130.771926,743804467.299168,1988.429670,0.567523,4,3,1,0.006929
1131,90516.000000,9484.000000,41,194643.504825,1977620302.979596,2060.316282,0.478159,4,3,0,0.003020
1132,98029.000000,1971.000000,48,188370.028906,1605822081.649677,1692.496310,0.603419,4,3,0,0.000000
1133,70973.000000,29027.000000,21,170988.084668,1105618488.231299,2536.372178,0.485457,4,3,1,0.008007
1134,73057.000000,26943.000000,23,140376.550977,639778301.096222,1903.018544,0.532459,4,3,2,0.009172
1135,76789.000000,23211.000000,26,162476.595340,1113113070.738950,2162.201725,0.513956,4,3,1,0.007226
1136,69335.000000,30665.000000,22,146776.626754,664330931.116513,2024.910018,0.498004,4,3,1,0.010804
1137,100000.000000,1.000000,50,191837.717244,2115078489.087877,1758.732615,0.530500,4,3,1,0.007477
1138,79462.000000,20538.000000,31,161910.082731,986965736.529344,1746.772299,0.528169,4,3,1,0.008063
1139,93104.000000,6896.000000,43,186214.989168,1858882388.300350,1779.739553,0.535611,4,3,1,0.004263
1140,75777.000000,24223.000000,26,164329.698257,1119263710.028571,2159.001059,0.500742,4,3,1,0.009178
1141,82448.000000,17552.000000,31,182614.697144,1485420040.068627,2059.477348,0.533902,4,3,1,0.009921
1142,79439.000000,20561.000000,34,165517.265011,904509191.822701,1958.570557,0.454543,4,3,1,0.009048
1143,68853.000000,31147.000000,21,142388.083071,627416514.890745,2025.446755,0.491371,4,3,1,0.009930
1144,77361.000000,22639.000000,29,169583.865716,1153345409.785426,2007.785423,0.528914,4,3,1,0.009243
1145,72730.000000,27270.000000,22,199212.743430,1273658303.732738,2680.924733,0.410308,2,2,1,0.020059
1146,92880.000000,7120.000000,42,224618.780089,1536573055.041765,2139.027983,0.585711,2,2,1,0.006292
1147,70464.000000,29536.000000,21,201999.512993,970550618.305995,2856.961161,0.397797,2,2,1,0.030068
1148,70938.000000,29062.000000,22,198032.506289,1078567828.794543,2613.170387,0.508149,2,2,2,0.030488
1149,66536.000000,33464.000000,20,211518.201729,1826141247.419393,3316.157961,0.372673,2,2,2,0.036549
1150,73344.000000,26656.000000,26,216530.883784,1509159504.017959,2886.556789,0.426236,2,2,1,0.022894
1151,76398.000000,23602.000000,27,203840.155340,1347804170.228199,2286.313500,0.548798,2,2,1,0.025625
1152,75637.000000,24363.000000,24,204595.149624,1357892632.750430,2378.237708,0.540653,2,2,1,0.023395
1153,81598.000000,18402.000000,31,225009.409564,1373852106.714474,2610.766357,0.410270,2,2,1,0.013824
1154,73434.000000,26566.000000,26,198056.397920,1354376703.522013,2633.968188,0.484766,2,2,1,0.019981
1155,72133.000000,27867.000000,25,210265.397736,1387228770.321431,2794.044281,0.471875,2,2,2,0.019981
1156,74563.000000,25437.000000,25,203609.629791,1175991778.708095,2391.646862,0.502292,2,2,1,0.029109
1157,74872.000000,25128.000000,26,205901.119772,1521310989.704002,2520.455520,0.520996,2,2,1,0.027013
1158,79616.000000,20384.000000,28,196476.067731,1111401248.831452,2222.394361,0.461968,2,2,1,0.021123
1159,74314.000000,25686.000000,26,186350.208713,1751037364.028774,2377.859697,0.521899,2,2,1,0.028443
1160,75434.000000,24566.000000,27,217239.193374,1421538220.451971,2756.756144,0.431288,2,2,1,0.033131
1161,73613.000000,26387.000000,24,214982.441899,1212314093.776086,2960.484411,0.403772,2,2,1,0.024359
1162,81772.000000,18228.000000,30,217646.399701,1347349680.387976,2491.936708,0.503645,2,2,1,0.024952
1163,72688.000000,27312.000000,24,186872.419158,1475874786.469843,2432.663158,0.536338,2,2,1,0.027801
1164,74171.000000,25829.000000,26,207196.880283,1495001080.341074,2759.739691,0.551622,2,2,1,0.020683
1165,80808.000000,19192.000000,32,219377.885269,1405307709.933047,2462.042589,0.501278,2,2,1,0.021808
1166,79195.000000,20805.000000,28,207597.420467,1329661202.411339,2312.178469,0.526967,2,2,1,0.019968
1167,67965.000000,32035.000000,21,186313.976817,931420287.590180,2752.014512,0.456809,2,2,1,0.036578
1168,74323.000000,25677.000000,24,199362.754803,1177766754.619438,2557.326829,0.481358,2,2,1,0.020166
1169,74124.000000,25876.000000,25,200704.140268,1652443783.819641,2888.880890,0.471403,2,2,1,0.018548
1170,77822.000000,22178.000000,26,216204.464388,1304797680.919773,2494.050956,0.481140,2,2,1,0.036882
1171,73520.000000,26480.000000,25,192533.867617,1463755191.674778,2462.917818,0.513144,2,2,1,0.023908
1172,77969.000000,22031.000000,29,206393.185537,1423552669.265975,2464.251225,0.432096,2,2,1,0.028157
1173,74520.000000,25480.000000,27,219685.453867,1417058211.412030,2857.400058,0.482184,2,2,1,0.029276
1174,73872.000000,26128.000000,26,202455.968816,1334809515.491024,2574.665971,0.585955,2,2,1,0.018257
1175,70962.000000,29038.000000,22,208437.145605,1148089478.482072,2767.789645,0.435718,2,2,1,0.019177
1176,77177.000000,22823.000000,24,211029.907644,1172826642.368789,2524.308678,0.447230,2,2,1,0.018493
1177,80139.000000,19861.000000,28,204453.848863,903716165.152490,2211.465747,0.541420,2,2,1,0.020438
1178,74043.000000,25957.000000,25,205849.474793,1374884853.228514,2531.707133,0.506676,2,2,1,0.036235
1179,73615.000000,26385.000000,27,218624.013211,1218018259.544900,2948.664862,0.462987,2,2,1,0.025936
1180,72514.000000,27486.000000,21,222883.011092,1658713420.518680,2764.271400,0.458834,2,2,1,0.022576
1181,74437.000000,25563.000000,27,195185.083951,972941258.778449,2751.721867,0.554766,2,2,1,0.029955
1182,68745.000000,31255.000000,20,206367.806775,1499536637.057983,3203.878087,0.407562,2,2,1,0.021704
1183,76222.000000,23778.000000,27,192893.058943,1322163605.674587,2370.843034,0.471211,2,2,1,0.048524
1184,73124.000000,26876.000000,24,199118.178127,1323548332.031582,2485.582233,0.514621,2,2,1,0.019622
1185,76610.000000,23390.000000,26,197053.039774,1509301349.537237,2357.786216,0.517180,2,2,1,0.013560
1186,77577.000000,22423.000000,27,212018.965617,1226207630.565878,2223.458467,0.494848,2,2,1,0.014857
1187,77293.000000,22707.000000,28,208177.394574,1513597379.786810,2227.164160,0.517835,2,2,1,0.045198
1188,70578.000000,29422.000000,23,192884.535885,1624580569.937488,2461.063893,0.513961,2,2,1,0.019705
1189,75298.000000,24702.000000,28,205687.513678,1354377911.184522,2515.947259,0.483464,2,2,2,0.018811
1190,79186.000000,20814.000000,31,200203.944302,1375477481.272366,2448.149566,0.611014,2,2,1,0.017367
1191,76204.000000,23796.000000,28,208197.878142,1279363552.375545,2481.278624,0.541065,2,2,1,0.022004
1192,73140.000000,26860.000000,24,186666.533922,1219288391.917294,2227.603888,0.553315,2,2,1,0.022259
1193,73063.000000,26937.000000,23,195640.154803,1209596679.689423,2406.675205,0.523647,2,2,1,0.015373
1194,88713.000000,11287.000000,39,213877.558476,1180292003.963986,2073.977487,0.519507,2,2,1,0.013778
1195,72691.000000,27309.000000,24,199113.943050,1223008904.447606,2430.034619,0.583094,2,2,1,0.018078
1196,72021.000000,27979.000000,25,178245.897643,1734224456.683956,2285.738600,0.657628,2,2,1,0.021440
1197,74138.000000,25862.000000,26,193566.538925,1200906874.575330,2304.201875,0.471330,2,2,1,0.021110
1198,75150.000000,24850.000000,27,202806.835277,1211761289.949543,2474.605164,0.584178,2,2,1,0.013500
1199,72582.000000,27418.000000,23,192054.325320,1316495674.726818,2802.928821,0.584584,2,2,1,0.030247
1200,74319.000000,25681.000000,25,196059.582952,1453218209.140330,2775.691062,0.540728,2,2,1,0.013567
1201,80910.000000,19090.000000,30,199335.326514,1230084698.727657,2077.534825,0.655107,2,2,1,0.019347
1202,78940.000000,21060.000000,27,201749.042505,1747897802.274783,2340.250706,0.615484,2,2,1,0.015623
1203,76387.000000,23613.000000,29,181189.718558,816793774.942634,1927.870363,0.686808,2,2,1,0.013622
1204,76917.000000,23083.000000,27,208333.936279,1290177177.855274,2427.304943,0.540630,2,2,1,0.015145
1205,72039.000000,27961.000000,24,201333.742853,1329632686.257760,2805.205972,0.488309,2,2,1,0.015826
1206,82383.000000,17617.000000,30,215569.452211,1503629590.540114,2368.542086,0.519684,2,2,1,0.020357
1207,81953.000000,18047.000000,35,206044.382686,1445089494.917568,2129.334021,0.624262,2,2,1,0.013192
1208,70490.000000,29510.000000,22,182549.712402,1219534622.535872,2225.761427,0.571930,2,2,1,0.018411
1209,53792.000000,46208.000000,4,20881.384615,605509104.908666,255.787545,5.945238,2,2,1,0.009757
1210,63140.000000,36860.000000,8,25959.649037,674349455.548003,281.049434,7.187649,2,2,1,0.009569
1211,73052.000000,26948.000000,21,25393.379571,519670950.673853,223.821921,8.824703,2,2,1,0.007005
1212,69945.000000,30055.000000,26,23005.814752,478587373.920479,243.306999,9.514834,2,2,1,0.005351
1213,84034.000000,15966.000000,40,29225.337484,484206279.547002,280.075504,9.248934,2,2,1,0.003058
1214,67489.000000,32511.000000,15,24719.213716,617997693.209025,256.744886,8.458257,2,2,1,0.010777
1215,52113.000000,47887.000000,3,19957.861193,500682148.925097,281.101101,5.654850,2,2,1,0.007420
1216,75011.000000,24989.000000,22,31849.331480,547260907.431791,297.362688,6.758667,2,2,1,0.009831
1217,70107.000000,29893.000000,19,27246.295140,728111912.985309,283.455855,9.053939,2,2,1,0.010806
1218,80368.000000,19632.000000,28,209528.420396,927022896.157531,2286.626114,0.519109,2,2,1,0.035624
1219,77342.000000,22658.000000,29,199129.433499,1310508021.634129,2302.895472,0.562425,2,2,1,0.015356
1220,93803.000000,6197.000000,45,217415.399164,1611768931.673311,2055.108955,0.691578,2,2,1,0.008293
1221,75409.000000,24591.000000,27,197975.976721,1273606549.654706,2565.814275,0.512956,2,2,1,0.015549
1222,97800.000000,2200.000000,48,224856.784786,1534838751.524879,1981.844356,0.609876,2,2,1,0.009691
1223,77488.000000,22512.000000,30,191957.136706,1392670555.362139,2259.035646,0.600706,2,2,1,0.018100
1224,76251.000000,23749.000000,28,189624.535799,1002323073.183543,2334.631580,0.562505,2,2,1,0.012047
1225,85785.000000,14215.000000,33,206546.919485,1504224310.758028,2181.859180,0.597192,2,2,1,0.016160
1226,71876.000000,28124.000000,22,187209.995826,1408819453.813131,2405.192685,0.623530,2,2,1,0.030321
1227,72454.000000,27546.000000,26,186529.919123,750281653.957405,2342.621676,0.584319,2,2,1,0.019920
1228,78465.000000,21535.000000,30,200212.171336,1367882276.612895,2281.747806,0.584024,2,2,1,0.013001
1229,84073.000000,15927.000000,33,208194.283325,1794980361.843591,2157.857308,0.631354,2,2,1,0.014618
1230,74461.000000,25539.000000,24,202575.266879,1428056708.583561,2579.647221,0.523981,2,2,1,0.027581
1231,74117.000000,25883.000000,24,194787.738742,1110619732.115526,2440.665464,0.571018,2,2,1,0.022507
1232,72345.000000,27655.000000,25,202745.119587,1067315708.214152,2302.193647,0.505611,2,2,1,0.022392
1233,76651.000000,23349.000000,25,193680.158581,772916012.781610,2187.489581,0.565586,2,2,1,0.040172
1234,78245.000000,21755.000000,27,203345.804344,1257392344.443838,2499.639273,0.554778,2,2,1,0.013602
1235,72769.000000,27231.000000,24,187467.804541,1044430907.119650,2300.242287,0.599530,2,2,1,0.015388
1236,79658.000000,20342.000000,30,201817.360991,1452005023.107115,2381.172124,0.564965,2,2,1,0.017350
1237,94683.000000,5317.000000,46,216069.796751,1485066245.039668,2101.557971,0.572811,2,2,0,0.001621
1238,72246.000000,27754.000000,23,174872.858805,869603625.364488,2237.125562,0.621720,2,2,1,0.027709
1239,74889.000000,25111.000000,27,201461.215532,1015392296.982221,2469.751879,0.524493,2,2,1,0.044418
1240,95639.000000,4361.000000,45,216282.654810,1793253450.315001,1922.578665,0.674114,2,2,1,0.003426
1241,69100.000000,30900.000000,20,185209.559155,1511880791.647725,2695.497166,0.487433,2,2,1,0.031859
1242,78197.000000,21803.000000,30,195925.529495,1473769734.027538,2472.393269,0.552545,2,2,1,0.013347
1243,91566.000000,8434.000000,43,226753.446736,1307325401.838103,2159.159556,0.572994,2,2,1,0.007319
1244,79524.000000,20476.000000,31,220370.579406,1426567920.501410,2743.503276,0.515133,2,2,1,0.026395
1245,74694.000000,25306.000000,24,208440.054698,1252082885.819524,2723.031883,0.389190,2,2,1,0.030943
1246,82191.000000,17809.000000,32,208717.760149,1203346468.270509,2340.454200,0.491461,2,2,1,0.012915
1247,87731.000000,12269.000000,40,224224.180090,1589124552.982734,2255.067307,0.538483,2,2,1,0.005294
1248,71312.000000,28688.000000,23,194383.281041,1906105578.173725,3050.668304,0.586825,2,2,1,0.028316
1249,78942.000000,21058.000000,28,206728.628115,1159136937.750590,2429.889618,0.568524,2,2,1,0.016162
1250,75369.000000,24631.000000,25,206445.121451,1309898442.577084,2702.383222,0.461368,2,2,1,0.024335
