generation,prey_fitness,predator_fitness,num_alive_end,avg_bb_size,var_bb_size,avg_shortest_dist,swarm_density_count,prey_neurons_connected_prey_retina,prey_neurons_connected_predator_retina,predator_neurons_connected_prey_retina,mutual_info
1,54898.000000,45102.000000,14,54894.506904,39042307.130045,1310.153682,0.000000,1,6,1,0.006236
1,48258.000000,51742.000000,3,50658.091420,67533643.747862,2706.420992,0.000000,1,6,1,0.004791
2,63018.000000,36982.000000,16,57068.303157,11823353.967798,1631.165566,0.000000,1,6,1,0.003270
3,80152.000000,19848.000000,30,57940.065816,25189704.004669,1262.419478,0.000000,1,3,2,0.000405
4,59394.000000,40606.000000,15,54167.249354,28453301.794765,1377.019404,0.000000,1,3,1,0.006046
5,60699.000000,39301.000000,14,59050.609671,2333200.882433,1539.450165,0.000000,1,3,1,0.002152
6,59851.000000,40149.000000,15,58371.723413,8432661.261823,1594.696460,0.000000,1,3,1,0.004735
7,70518.000000,29482.000000,23,62751.977532,72594.263699,1285.616915,0.000000,1,3,1,0.001394
8,65984.000000,34016.000000,18,60542.415493,4245034.421964,1606.075429,0.000000,1,3,1,0.003154
9,63757.000000,36243.000000,13,49095.512520,210609020.823910,1197.460552,0.000000,1,3,1,0.002504
10,60357.000000,39643.000000,15,56843.245399,33431838.123851,1339.977861,0.000000,1,3,1,0.004078
11,68123.000000,31877.000000,21,59428.305515,26794508.595144,1301.917840,0.000000,1,3,1,0.002241
12,65303.000000,34697.000000,20,56910.628403,43285310.716198,1332.481425,0.000000,1,3,1,0.002684
13,71713.000000,28287.000000,25,61262.179189,6832571.036075,1327.453884,0.000000,1,3,1,0.002261
14,89593.000000,10407.000000,43,64289.190955,0.000000,1130.613247,0.000000,1,3,0,0.000025
15,63923.000000,36077.000000,17,54927.034792,49343203.448369,1273.766474,0.000000,1,3,1,0.002355
16,61103.000000,38897.000000,14,53216.214439,127663804.072283,1344.378564,0.000000,1,3,1,0.002942
17,68796.000000,31204.000000,20,57154.925152,48848307.017694,1287.973195,0.000000,1,3,1,0.001803
18,68007.000000,31993.000000,18,59950.629458,7962634.145642,1451.434959,0.000000,1,3,1,0.002399
19,56814.000000,43186.000000,12,52461.264338,78205756.687594,1463.437543,0.000000,0,2,1,0.002651
20,68098.000000,31902.000000,18,59094.775679,3221078.363331,1297.706278,0.000000,0,2,1,0.001506
21,100000.000000,1.000000,50,62335.302752,0.000000,1124.052687,0.000000,0,2,0,0.000000
22,60937.000000,39063.000000,11,54149.165299,64932055.290749,1388.458852,0.000000,0,2,1,0.002800
23,57582.000000,42418.000000,11,43889.603641,155928884.245678,1370.660347,0.000000,0,2,1,0.004611
24,57280.000000,42720.000000,12,57939.127033,9304044.224277,1849.925355,0.000000,0,2,1,0.005679
25,63876.000000,36124.000000,15,57355.018371,12031171.995618,1465.803505,0.000000,0,2,1,0.003457
26,67347.000000,32653.000000,21,61353.293221,3061629.719671,1292.478766,0.000000,0,2,2,0.002067
27,61437.000000,38563.000000,13,60258.353582,6643989.465211,1550.777046,0.000000,0,2,1,0.002516
28,59115.000000,40885.000000,9,47581.323016,202218184.110103,1256.295419,0.000000,0,2,1,0.003295
29,53997.000000,46003.000000,8,51594.549142,173099831.215430,1606.929773,0.000000,0,2,1,0.005824
30,63487.000000,36513.000000,13,53055.810148,76959843.776879,1315.314286,0.000000,0,2,1,0.004888
31,71440.000000,28560.000000,23,62336.238393,6459080.212577,1391.460032,0.000000,0,2,1,0.003237
32,68371.000000,31629.000000,21,64129.440355,0.000000,1441.967242,0.000000,0,2,1,0.006834
33,61827.000000,38173.000000,13,56818.609723,25629072.089264,1433.240288,0.000000,0,2,1,0.003660
34,67844.000000,32156.000000,14,49196.825176,204092369.012514,1196.199941,0.000000,0,2,1,0.002493
35,63381.000000,36619.000000,20,61665.955392,1081798.771760,1645.312096,0.000000,0,2,1,0.003669
36,52607.000000,47393.000000,7,55239.103277,79481563.882078,1873.339347,0.000000,0,2,2,0.006728
37,68473.000000,31527.000000,18,61033.263307,13797058.298960,1346.698411,0.000000,0,2,1,0.003829
38,62313.000000,37687.000000,13,56418.758895,35188810.836494,1666.134447,0.000000,0,2,1,0.003531
39,71535.000000,28465.000000,22,58219.478213,12618862.983100,1194.952698,0.000000,0,2,1,0.001649
40,63139.000000,36861.000000,13,54477.107580,133500595.127962,1244.517118,0.000000,0,2,1,0.006737
41,57856.000000,42144.000000,13,58586.344999,26032135.105776,1815.761167,0.000000,0,2,1,0.005540
42,62110.000000,37890.000000,16,64042.193531,162787.934620,1661.928126,0.000000,0,2,1,0.003074
43,63877.000000,36123.000000,16,55366.659309,40226928.771658,1519.680438,0.000000,0,2,1,0.001750
44,64432.000000,35568.000000,12,44977.156297,234712374.985878,880.311765,0.710608,0,2,1,0.005379
45,52743.000000,47257.000000,9,48039.875165,226923243.011955,1373.280670,0.534886,0,2,1,0.008384
46,70509.000000,29491.000000,24,62103.932773,4965104.150728,1240.855390,0.364971,0,2,1,0.002396
47,98630.000000,1370.000000,49,64043.888193,4980126.802303,865.913693,0.677071,0,2,1,0.009787
48,96770.000000,3230.000000,48,67775.262550,2978137.530574,979.332647,0.583638,0,2,1,0.005288
49,67449.000000,32551.000000,19,58053.015234,106553661.501755,1224.377101,0.494774,0,2,1,0.008125
50,59907.000000,40093.000000,10,44520.585560,261199895.771427,947.723868,0.592227,0,2,1,0.008513
51,73478.000000,26522.000000,25,59725.561123,23919834.305515,1087.578797,0.466103,0,2,2,0.006051
52,49590.000000,50410.000000,2,35952.907780,469875980.599441,1105.889370,0.442941,0,2,1,0.007387
53,58928.000000,41072.000000,7,44196.528165,298406547.580307,1014.454822,0.650614,0,2,1,0.005822
54,57863.000000,42137.000000,3,40985.933011,400132036.760391,964.326122,0.581290,0,2,1,0.004937
55,59412.000000,40588.000000,13,52724.310102,94968618.650604,1344.075622,0.547865,0,2,1,0.010274
56,55642.000000,44358.000000,5,44454.329621,462692670.724977,1036.485545,0.510815,0,2,1,0.012345
57,57634.000000,42366.000000,4,43020.174302,422497850.492299,1029.690306,0.534288,0,2,1,0.005409
58,55848.000000,44152.000000,6,36760.282062,373916944.668798,877.153650,0.754126,0,2,1,0.008510
59,63627.000000,36373.000000,10,52036.152432,275217336.476306,988.268322,0.554447,0,2,2,0.010880
60,62261.000000,37739.000000,12,46463.350163,225845180.952902,949.910678,0.649371,0,2,1,0.008491
61,62139.000000,37861.000000,8,46851.812553,265896077.952075,1032.666111,0.550164,0,2,1,0.009136
62,71684.000000,28316.000000,17,60769.985869,72145821.055092,1039.792314,0.538386,0,2,1,0.007246
63,60142.000000,39858.000000,7,43861.371339,399187510.927597,891.276523,0.724106,0,2,1,0.006917
64,51475.000000,48525.000000,2,38610.907832,390657988.279117,1033.037683,0.462672,0,2,1,0.008694
65,53258.000000,46742.000000,2,38942.126531,364705140.373613,1057.972609,0.497089,0,2,1,0.004657
66,77332.000000,22668.000000,25,58910.763630,58388228.512210,1006.465475,0.678653,0,2,2,0.005638
67,60131.000000,39869.000000,4,42967.783916,322942165.907094,958.976744,0.595705,0,2,2,0.012590
68,63893.000000,36107.000000,11,44056.416035,231087080.169935,943.177673,0.630659,0,2,1,0.005400
69,52696.000000,47304.000000,2,37643.412342,442876197.119766,1083.226664,0.574810,0,2,2,0.006418
70,58817.000000,41183.000000,3,40513.863959,409033957.226552,978.709131,0.611437,0,2,1,0.006792
71,70059.000000,29941.000000,23,108590.710563,240228776.528519,1485.384799,0.771408,0,2,2,0.015134
72,74863.000000,25137.000000,28,124820.361675,529787719.777562,1677.618531,1.130659,0,2,1,0.016140
73,79317.000000,20683.000000,29,131208.725415,418822044.454590,1430.899540,0.870937,0,2,1,0.010196
74,81718.000000,18282.000000,33,131011.692024,610159455.885557,1235.086423,1.047078,0,2,1,0.015397
75,71870.000000,28130.000000,25,113073.457384,200548859.807008,1457.182462,0.797156,0,2,1,0.014227
76,79969.000000,20031.000000,27,120740.315230,441068167.122498,1304.741985,1.066811,0,2,1,0.018437
77,80394.000000,19606.000000,33,132571.647063,527925585.796076,1517.964819,1.071356,0,2,1,0.012011
78,89035.000000,10965.000000,38,164833.314948,1794243840.409548,1543.830108,0.793281,0,2,0,0.002744
79,72944.000000,27056.000000,24,113771.878711,212137427.226228,1263.593694,0.983669,0,2,2,0.016845
80,76763.000000,23237.000000,28,127388.234832,635868568.983431,1333.903690,0.907423,0,2,2,0.011762
81,71406.000000,28594.000000,19,111332.670372,344532511.282464,1483.891730,0.861595,0,2,1,0.014950
82,78270.000000,21730.000000,27,120557.373944,637259968.276426,1304.723554,0.987311,0,2,1,0.014075
83,67739.000000,32261.000000,18,99291.910849,480338620.134165,1337.417754,1.013864,0,2,2,0.017225
84,81087.000000,18913.000000,32,127928.327240,471924293.391186,1239.120553,0.901994,0,2,2,0.018839
85,74652.000000,25348.000000,21,111511.456459,380172594.499316,1372.972282,0.883048,0,2,1,0.013730
86,70789.000000,29211.000000,23,132093.731163,392470682.293543,1713.949478,0.812733,0,2,1,0.010825
87,77648.000000,22352.000000,29,115587.139195,294106139.513095,1544.081034,1.072693,0,2,1,0.012161
88,76010.000000,23990.000000,30,131968.412919,357158893.095842,1554.758169,0.724797,0,2,2,0.015437
89,98699.000000,1301.000000,49,175273.428293,1771642535.257352,1517.649415,0.843299,0,2,2,0.008421
90,74406.000000,25594.000000,26,128941.506437,471443356.451797,1783.617662,0.958167,0,2,1,0.029535
91,73413.000000,26587.000000,26,103115.152978,503186840.366041,1238.527139,1.103545,0,2,1,0.017782
92,76222.000000,23778.000000,29,150967.687753,677432608.398726,1478.148453,0.913802,0,2,1,0.027071
93,74549.000000,25451.000000,26,123578.884430,411560531.005013,1325.413374,0.972783,0,2,2,0.020490
94,66173.000000,33827.000000,18,110776.004049,436734384.433721,1757.570520,0.761045,0,2,1,0.016848
95,74746.000000,25254.000000,25,108776.346168,330006466.678325,1188.534137,0.866869,0,2,1,0.025895
96,79305.000000,20695.000000,29,116667.859209,331211711.257538,1185.018820,0.928198,0,2,2,0.009685
97,77407.000000,22593.000000,28,202407.962569,995239845.052741,2384.186290,0.617304,0,2,1,0.017967
98,90353.000000,9647.000000,39,221965.850262,1684404048.432071,2111.932484,0.562920,0,2,2,0.012268
99,78774.000000,21226.000000,28,193266.811904,1507485205.641135,2140.893072,0.639061,0,2,1,0.020786
100,76431.000000,23569.000000,28,216959.649831,1206208812.015005,2439.917147,0.460910,0,2,1,0.015084
101,80251.000000,19749.000000,29,205866.724740,1383923565.772682,2291.886898,0.608610,0,2,1,0.021167
102,81283.000000,18717.000000,32,210452.042486,1629787172.382295,2279.430242,0.627016,0,2,2,0.014296
103,82148.000000,17852.000000,33,204025.494311,1694411942.217768,1989.808136,0.662850,0,2,1,0.022265
104,82768.000000,17232.000000,29,217814.471076,1572838602.066114,2377.930062,0.488072,0,2,1,0.015369
105,77470.000000,22530.000000,29,208780.301300,1535510884.699004,2466.217228,0.540409,0,2,1,0.018724
106,82712.000000,17288.000000,32,191223.311173,1247393410.175758,1815.978021,0.678144,0,2,1,0.013677
107,83139.000000,16861.000000,34,203372.157077,1805283630.617718,2330.709895,0.536577,0,2,1,0.015309
108,81501.000000,18499.000000,33,199743.151728,2143073830.437780,2194.766296,0.604032,0,2,1,0.019125
109,78986.000000,21014.000000,29,208338.890642,1812452251.738026,2059.584011,0.571085,0,2,1,0.025581
110,79124.000000,20876.000000,29,221484.181186,1881588813.520347,2590.894097,0.475254,0,2,1,0.030944
111,85312.000000,14688.000000,37,212569.534584,1947028677.766345,2232.320953,0.551728,0,2,1,0.029247
112,70784.000000,29216.000000,26,185632.014427,879855686.810734,2590.935224,0.573113,0,2,1,0.024525
113,79669.000000,20331.000000,30,220777.403645,1710500078.952033,2532.617254,0.483800,0,2,1,0.031774
114,89763.000000,10237.000000,41,212940.216847,1642613568.388704,2142.264183,0.632308,0,2,0,-0.000000
115,74776.000000,25224.000000,27,208839.249211,1615270279.228520,2490.874482,0.564302,0,2,1,0.013682
116,80829.000000,19171.000000,30,198218.130403,1418342631.834009,2510.942043,0.720243,0,2,1,0.017565
117,77509.000000,22491.000000,28,207398.223683,1881352024.372077,2582.541547,0.638286,0,2,1,0.030943
118,85623.000000,14377.000000,35,192559.357307,1321361300.374635,2023.089897,0.668682,0,1,1,0.012941
119,83793.000000,16207.000000,31,214804.121665,1666031056.082022,2340.058999,0.459272,0,1,1,0.020876
120,72507.000000,27493.000000,25,164346.191940,729506624.457139,2097.770942,0.589558,0,1,1,0.027859
121,83368.000000,16632.000000,32,187339.169955,1578172203.122767,2054.157065,0.687120,0,1,2,0.016921
122,75811.000000,24189.000000,27,196826.545377,1217193660.875840,2275.408528,0.600887,0,1,2,0.015721
123,78443.000000,21557.000000,29,180201.043225,1205359814.008161,2169.869291,0.759335,0,1,1,0.015105
124,77316.000000,22684.000000,30,196574.841609,1497927592.375813,2421.345385,0.542090,0,1,1,0.031155
125,83372.000000,16628.000000,33,191883.222374,1374221595.035380,1920.649814,0.819464,0,1,1,0.013392
126,93991.000000,6009.000000,43,218672.219194,1823142537.823782,1968.917914,0.650496,0,1,0,0.000000
127,79484.000000,20516.000000,29,179839.064300,1169097779.515220,1988.700975,0.628242,0,1,1,0.014000
128,77818.000000,22182.000000,27,214995.189640,1398416951.709159,2526.150351,0.613572,0,1,2,0.022514
129,74764.000000,25236.000000,24,205651.759951,1791299538.517223,2524.762517,0.453197,0,1,2,0.018287
130,78600.000000,21400.000000,28,196634.204645,1358671938.920528,2326.065625,0.699021,0,1,1,0.011260
131,88391.000000,11609.000000,42,214373.888875,1795165662.132676,1948.219582,0.687648,0,1,1,0.002615
132,76203.000000,23797.000000,27,182600.913806,1167978537.009356,2083.417547,0.612668,0,1,1,0.018918
133,79738.000000,20262.000000,30,194332.951549,1265418308.081317,2234.903715,0.638412,0,1,2,0.013983
134,76968.000000,23032.000000,26,199291.937831,1217290002.658164,2150.324234,0.634328,0,1,1,0.014084
135,78560.000000,21440.000000,29,185727.931672,1121788305.470060,2026.197549,0.657736,0,1,1,0.018528
136,81642.000000,18358.000000,30,188901.800246,1457424667.614782,1991.847745,0.556167,0,1,1,0.012385
137,81689.000000,18311.000000,31,204410.490781,1699599945.419771,2284.726133,0.666173,0,1,1,0.012030
138,83970.000000,16030.000000,35,201892.383984,2165310311.780189,2138.811524,0.705818,0,1,1,0.025943
139,76944.000000,23056.000000,27,187847.430599,1497073336.408057,2188.489482,0.677661,0,1,1,0.018265
140,80466.000000,19534.000000,28,158090.533799,3192802801.322165,1581.310841,1.415301,1,0,1,0.025603
141,100000.000000,1.000000,50,170505.738055,822046625.809633,1275.936293,1.991120,1,0,0,0.000000
142,76000.000000,24000.000000,28,152306.630372,3373805067.148439,1191.237307,1.676704,1,0,1,0.013162
143,72224.000000,27776.000000,27,140014.905392,1120153980.597665,1423.739793,1.607933,1,1,1,0.016453
144,81441.000000,18559.000000,30,133998.899487,1068435682.074016,1343.894083,1.643758,1,1,1,0.014493
145,78018.000000,21982.000000,25,149105.248005,726212495.880393,1411.115561,1.513479,1,1,1,0.022474
146,77088.000000,22912.000000,32,202353.006242,1837734292.337757,2149.695465,1.116851,1,1,1,0.017177
147,82605.000000,17395.000000,34,148456.998440,1852818308.369387,1336.810809,1.725365,1,1,1,0.018366
148,73326.000000,26674.000000,26,182427.620768,3279852324.533171,2290.315096,1.462847,1,1,1,0.022822
149,85522.000000,14478.000000,36,171187.227040,1993707720.758927,1668.802889,1.494617,1,1,1,0.015351
150,77041.000000,22959.000000,30,193542.571273,1336663971.758225,1861.190371,1.384757,1,1,1,0.031709
151,80281.000000,19719.000000,29,157418.627715,2317316800.314354,1349.151192,1.507619,1,1,2,0.019956
152,76444.000000,23556.000000,29,146657.776829,1696789460.028820,1195.585304,1.388377,1,1,2,0.016213
153,69180.000000,30820.000000,21,101219.390033,938544766.134310,1176.249391,1.691982,1,1,2,0.023777
154,81030.000000,18970.000000,32,172344.846399,1384778119.940574,1510.011167,1.229560,1,1,1,0.017711
155,80255.000000,19745.000000,28,166175.623237,1740018684.810881,1699.072580,1.204867,1,1,1,0.015532
156,74609.000000,25391.000000,28,187578.530844,1777247891.399807,1721.809730,1.204197,1,1,1,0.021614
157,74231.000000,25769.000000,24,158248.767599,1004024471.587440,1559.056250,1.070274,1,1,2,0.024170
158,78978.000000,21022.000000,28,180589.559089,1496089270.785288,1737.555433,1.489107,1,1,2,0.022986
159,79537.000000,20463.000000,31,145013.833997,549419936.294139,1590.960064,1.460616,1,1,1,0.021607
160,81167.000000,18833.000000,27,163595.590526,1910472079.195601,1274.819692,1.542471,1,1,1,0.017337
161,77363.000000,22637.000000,26,189572.446142,1866843915.599755,1708.540173,1.090334,1,1,1,0.030575
162,83770.000000,16230.000000,32,187953.007326,3193137029.166800,1288.886534,1.241766,1,1,1,0.022596
163,74327.000000,25673.000000,25,131938.117572,481277711.667718,1463.294109,1.496744,1,1,2,0.016313
164,75908.000000,24092.000000,25,168946.549849,1528466684.735061,1813.031051,1.442973,1,1,2,0.017267
165,86685.000000,13315.000000,36,158052.682442,1258751454.873372,1452.031872,1.458513,1,1,2,0.017343
166,76839.000000,23161.000000,23,124016.903825,898427037.194196,1514.449366,1.441209,1,1,2,0.021387
167,77087.000000,22913.000000,26,167107.815566,1495143804.265797,2072.747496,1.540447,1,1,2,0.016534
168,78084.000000,21916.000000,30,178787.410285,2646708364.030306,1564.576024,1.347922,1,1,1,0.017404
169,81314.000000,18686.000000,32,203648.847379,1457737555.580908,1816.253383,1.243209,1,1,2,0.012469
170,79803.000000,20197.000000,31,132378.186956,1832775023.240496,1315.345458,1.489252,1,1,2,0.022057
171,76096.000000,23904.000000,28,144942.237561,3090006796.224920,1703.664731,1.755293,1,1,2,0.021667
172,74703.000000,25297.000000,25,142196.183022,1841225096.645812,1487.320046,1.422515,1,1,2,0.014422
173,74743.000000,25257.000000,26,139570.788077,1440259219.340657,1271.276598,1.483051,1,1,1,0.011786
174,76009.000000,23991.000000,24,140802.455203,1416669958.349393,1317.007607,1.421586,1,1,1,0.016184
175,79103.000000,20897.000000,29,189967.152448,2760995979.178848,1592.484812,1.164049,1,1,1,0.023344
176,77153.000000,22847.000000,29,154465.807866,1761247641.273965,1403.900796,1.648642,1,1,1,0.017075
177,73402.000000,26598.000000,26,153384.840251,1182009698.692238,1620.024779,1.383482,1,1,2,0.025067
178,78717.000000,21283.000000,30,148886.006006,1634439997.263739,1455.520403,1.531208,1,1,1,0.011044
179,77088.000000,22912.000000,26,218248.608618,1992489824.043968,2267.657179,0.768675,1,1,2,0.017728
180,73972.000000,26028.000000,26,198838.029285,2435791636.917331,2373.831474,0.895342,1,1,2,0.019160
181,79585.000000,20415.000000,28,196206.669882,2734467981.982244,1966.802246,1.096351,1,1,2,0.015452
182,78793.000000,21207.000000,28,205769.430953,2320656450.074369,1888.767863,1.008799,1,1,1,0.023384
183,81435.000000,18565.000000,35,209695.358803,1454280312.654718,1831.190923,0.967373,1,1,2,0.011911
184,72787.000000,27213.000000,24,187746.827258,1695802936.079628,2044.212712,0.812025,1,1,1,0.017682
185,73707.000000,26293.000000,26,165377.521567,3268960449.143799,2065.837565,1.208972,1,1,2,0.025878
186,75195.000000,24805.000000,26,185888.247521,1705912266.469341,2851.948227,1.085438,1,1,1,0.022826
187,82953.000000,17047.000000,35,202140.844980,2778552813.498086,1744.511585,0.970615,1,1,1,0.013914
188,77197.000000,22803.000000,27,155640.602362,1562329801.090329,1559.579288,1.397709,1,1,2,0.014891
189,79462.000000,20538.000000,31,190084.264108,2098029940.022664,1752.805917,1.115322,1,1,2,0.020214
190,69800.000000,30200.000000,23,193871.323737,2069618170.849975,2383.415428,0.866977,1,1,1,0.018976
191,83803.000000,16197.000000,30,203740.086089,1888994265.088055,1972.118908,0.966551,2,1,1,0.009762
192,76156.000000,23844.000000,22,206281.899265,2529072480.784732,2185.995522,0.851767,2,1,2,0.027251
193,72310.000000,27690.000000,22,172913.969701,1508048604.430489,2031.680093,1.197338,2,1,2,0.027832
194,72939.000000,27061.000000,23,207074.299271,1993088965.107121,2414.661007,0.751418,2,1,3,0.015198
195,69322.000000,30678.000000,17,94628.707643,946720363.091193,923.701766,2.805457,2,1,2,0.022475
196,71675.000000,28325.000000,21,75386.484555,428068945.658157,1070.422927,4.012462,2,1,1,0.017930
197,81195.000000,18805.000000,30,122631.539911,1474859592.254416,1277.449587,3.067435,2,1,1,0.031661
198,79025.000000,20975.000000,32,139416.584661,1990818230.513790,1552.256718,2.886708,2,1,2,0.022256
199,77494.000000,22506.000000,24,199632.700761,1408514975.917632,2296.796979,1.693583,4,2,2,0.032323
200,75990.000000,24010.000000,26,210886.569552,2220349349.085968,2096.932603,1.394394,4,2,2,0.016738
201,79094.000000,20906.000000,27,193217.453467,2527111354.240587,2117.306872,2.035091,4,2,2,0.040000
202,78467.000000,21533.000000,28,210288.064148,1342894930.642790,2342.213467,1.077393,4,2,2,0.025120
203,74541.000000,25459.000000,23,200491.652203,3080144849.223336,2061.794245,1.346024,4,2,2,0.022175
204,79508.000000,20492.000000,29,211131.326096,2270873722.073137,2422.016275,1.428279,4,2,2,0.029001
205,78635.000000,21365.000000,31,214183.249614,1514485466.751391,2727.925288,0.682853,4,2,1,0.032811
206,84280.000000,15720.000000,34,216986.670909,1606551350.055684,2069.401557,0.785361,4,2,1,0.013983
207,86207.000000,13793.000000,32,203825.353026,1951598900.587117,1780.865084,0.725745,4,2,2,0.026095
208,81490.000000,18510.000000,30,209607.405579,1104047455.277277,2079.422482,0.787531,4,2,1,0.020514
209,72159.000000,27841.000000,23,212812.864120,1419351166.896261,2603.335377,0.596171,4,2,2,0.021135
210,75740.000000,24260.000000,28,194240.108013,1688995782.154925,2114.648387,0.838355,4,2,1,0.030165
211,78846.000000,21154.000000,31,215282.590360,1456483951.949637,2171.810063,0.750742,4,2,2,0.023302
212,79296.000000,20704.000000,27,146611.175375,625798404.429373,1568.192429,1.057487,4,2,3,0.011010
213,75924.000000,24076.000000,26,132612.898845,754509360.201614,1580.584045,1.097285,4,2,1,0.011243
214,77428.000000,22572.000000,27,147728.626135,749260425.593820,1412.101770,1.056492,4,2,2,0.010592
215,80053.000000,19947.000000,31,153934.480479,1190679007.106638,1377.150347,1.023806,4,2,2,0.010479
216,83547.000000,16453.000000,34,138235.141003,554172730.192004,1247.987245,1.025033,4,2,3,0.010459
217,85729.000000,14271.000000,36,159921.080755,1567229819.367372,1498.686225,1.037439,4,2,2,0.011438
218,67763.000000,32237.000000,23,112559.603239,524429230.844363,1720.157591,1.327411,4,2,2,0.014343
219,76626.000000,23374.000000,24,138905.296423,481923535.476929,1398.206500,1.088232,4,2,2,0.013345
220,83740.000000,16260.000000,34,171393.068131,2467501594.508242,1398.587527,0.990690,4,2,2,0.015554
221,83741.000000,16259.000000,32,170952.764542,1025968372.207129,1692.561569,0.904332,4,2,2,0.016572
222,88222.000000,11778.000000,33,161370.331835,656151140.700584,1377.076432,1.173217,4,2,2,0.009018
223,77933.000000,22067.000000,28,146895.283313,999469091.754832,1478.834061,1.200304,4,2,1,0.008104
224,72474.000000,27526.000000,25,126646.422841,1289473024.256349,1489.530171,1.025961,4,2,3,0.011281
225,72594.000000,27406.000000,27,142230.449990,866761509.406504,1586.051838,0.933465,4,2,3,0.016585
226,77032.000000,22968.000000,28,163390.744821,1003519974.513294,1739.708604,1.013693,4,2,1,0.013079
227,75697.000000,24303.000000,29,145277.867908,752389378.151347,1791.942156,0.955899,4,2,2,0.011396
228,97637.000000,2363.000000,48,175167.367441,1826279324.497072,1293.910882,0.858432,4,2,2,0.010200
229,74742.000000,25258.000000,24,124697.313428,409156108.332314,1352.936906,1.006950,4,2,2,0.010731
230,70330.000000,29670.000000,25,142487.365601,621684537.672025,1725.316410,1.120091,4,2,1,0.025105
231,75134.000000,24866.000000,28,139984.552535,923844714.158901,1538.005514,0.987728,4,2,1,0.010838
232,77186.000000,22814.000000,30,116147.726632,598122571.642476,1187.831962,1.152116,4,2,2,0.014602
233,75342.000000,24658.000000,25,154107.438567,784967872.677040,1923.352826,0.992551,4,2,4,0.009239
234,85808.000000,14192.000000,35,167377.289167,1079037035.934772,1268.728405,1.132257,4,2,5,0.013413
235,88738.000000,11262.000000,36,171594.333042,1565936873.160953,1385.191968,1.199199,4,2,4,0.015773
236,79954.000000,20046.000000,31,154560.812541,1119025548.880039,1589.138972,1.049552,4,2,1,0.014482
237,71463.000000,28537.000000,24,155333.366426,714955722.078778,1801.378671,1.219413,4,2,2,0.014188
238,86025.000000,13975.000000,38,174852.368045,1290919797.596116,1447.007642,1.077539,4,2,2,0.012181
239,76463.000000,23537.000000,28,142206.016935,870087373.570086,1224.558335,1.289746,4,2,2,0.015741
240,74381.000000,25619.000000,25,155857.058618,1264922739.958830,2013.346331,1.113478,4,2,2,0.022736
241,74110.000000,25890.000000,27,157926.781652,1789660016.508884,1568.235806,1.156726,4,2,2,0.029445
242,82075.000000,17925.000000,33,156865.424681,1157414903.771470,1294.405445,1.377039,4,2,2,0.017318
243,81120.000000,18880.000000,31,171728.350828,815662913.865403,1637.956435,1.249880,4,2,1,0.015405
244,78533.000000,21467.000000,32,165908.457715,1705410050.686980,1697.271608,1.080081,4,2,2,0.012524
245,76181.000000,23819.000000,30,162048.835873,1312101185.434438,1584.627993,0.965822,4,2,1,0.021725
246,77933.000000,22067.000000,30,161032.953915,1668386088.115096,1939.223020,1.188448,4,2,2,0.017336
247,81468.000000,18532.000000,34,162948.098411,919617681.006932,1723.595747,1.216045,4,2,2,0.016410
248,82602.000000,17398.000000,32,162171.011867,1358032041.356443,1499.159224,1.091708,4,1,1,0.011482
249,81557.000000,18443.000000,31,172831.540241,1180227895.361534,1541.577043,0.918242,4,0,2,0.009168
250,81728.000000,18272.000000,35,164922.904433,1515165032.655742,1707.390494,1.001237,4,0,2,0.014787
251,77613.000000,22387.000000,27,148849.455655,1193457865.228986,1639.440759,0.954561,4,0,1,0.012336
252,100000.000000,1.000000,50,199469.053371,1374782693.125802,1496.151856,0.988260,4,0,1,0.005823
253,75741.000000,24259.000000,29,169112.919970,1261445469.523485,1859.193294,0.846706,4,0,2,0.019494
254,97416.000000,2584.000000,47,194217.524084,1127522993.572023,1465.445733,0.936890,4,0,1,0.008307
255,77957.000000,22043.000000,31,179476.549679,1007981217.507191,2174.635928,1.039241,4,0,1,0.014943
256,79609.000000,20391.000000,32,139931.000309,1066591054.685650,1361.749852,1.152654,4,0,2,0.028008
257,78385.000000,21615.000000,27,132426.806080,663510110.223437,1303.414366,1.019045,4,0,2,0.021055
258,81871.000000,18129.000000,35,147688.373901,980014377.389591,1740.637482,1.080073,4,0,1,0.012678
259,80620.000000,19380.000000,29,155043.707674,1208539781.323942,1482.353336,1.170067,4,0,2,0.020343
260,74355.000000,25645.000000,27,237457.037122,1328568172.546961,2766.525726,0.646161,6,0,1,0.026019
261,68822.000000,31178.000000,18,227989.212132,2060245363.453444,3319.608828,0.709662,6,0,2,0.030255
262,78387.000000,21613.000000,30,236853.664936,1527344631.975260,2446.174238,0.686879,6,0,2,0.028390
263,63601.000000,36399.000000,18,235034.825133,1580368771.170609,4162.600257,0.586322,6,0,2,0.029776
264,81127.000000,18873.000000,28,204315.892990,1251240981.496658,1876.328240,0.816106,6,0,2,0.020819
265,75263.000000,24737.000000,26,209597.493553,1698832456.901150,2503.335804,0.731765,6,0,2,0.020665
266,81099.000000,18901.000000,29,226005.669465,1604735508.626286,2406.602499,0.811544,6,0,2,0.026848
267,71639.000000,28361.000000,23,221136.658863,1686853181.462917,2603.856045,0.710673,6,0,2,0.040814
268,74524.000000,25476.000000,26,217922.425329,1671181117.589522,2266.397431,0.694395,6,0,2,0.028162
269,77886.000000,22114.000000,30,229038.093971,1801065675.970771,2062.251385,0.704578,6,0,2,0.039408
270,82648.000000,17352.000000,33,211425.235453,1559796522.342282,2376.103161,0.641894,6,0,2,0.019843
271,80178.000000,19822.000000,27,235628.765276,1495750468.888029,2259.193256,0.788339,4,0,2,0.025885
272,74768.000000,25232.000000,22,230634.570300,1769931355.944565,2228.833071,0.786588,4,0,2,0.042800
273,70146.000000,29854.000000,21,230799.873346,1678765519.350013,2876.007352,0.621902,4,0,1,0.064702
274,72252.000000,27748.000000,22,226754.122637,1524385672.227295,2814.692579,0.759862,4,0,2,0.022734
275,74124.000000,25876.000000,23,234874.995753,1636886389.638330,2968.027554,0.603129,4,0,2,0.026082
276,69637.000000,30363.000000,21,228921.953649,1627110988.043026,2595.008509,0.586038,4,0,2,0.040401
277,72539.000000,27461.000000,23,235717.789180,1557124630.284250,2869.470016,0.705141,4,0,2,0.029633
278,89551.000000,10449.000000,38,239343.741726,1314245936.890805,1933.305338,0.713078,4,0,2,0.014077
279,83127.000000,16873.000000,33,230772.581067,1569682781.389669,2078.017597,1.133111,4,0,2,0.024969
280,67953.000000,32047.000000,16,235081.971654,1426805631.848204,3552.394982,0.717562,4,0,3,0.029151
281,72930.000000,27070.000000,25,224599.543455,2441180368.823444,2090.503973,1.311906,4,0,2,0.029387
282,67459.000000,32541.000000,16,225668.215093,1860064983.888123,3249.110107,0.858792,4,0,2,0.016879
283,73846.000000,26154.000000,30,235748.901587,1414983889.350605,2585.809838,0.804360,4,0,1,0.018987
284,67484.000000,32516.000000,19,237047.089685,1542020623.610095,3911.718718,0.823395,4,0,3,0.038119
285,71626.000000,28374.000000,24,229386.257795,1829729762.354941,2039.005376,0.970067,4,0,2,0.036444
286,69255.000000,30745.000000,22,231297.777576,2086983723.177637,2809.861298,0.871085,4,0,1,0.023578
287,73042.000000,26958.000000,17,229120.677969,2087460815.739458,2833.478424,0.649044,4,0,2,0.026569
288,72358.000000,27642.000000,21,221703.349209,1973947222.606540,2586.818077,0.931931,4,0,2,0.026015
289,70442.000000,29558.000000,20,235698.959108,1799859863.377208,2572.582884,0.729465,4,0,2,0.024238
290,64357.000000,35643.000000,16,223538.286222,1583010107.851319,3353.323488,0.661981,4,0,4,0.018716
291,79795.000000,20205.000000,28,235746.637499,1555943455.666518,2241.916169,0.878962,4,0,2,0.013630
292,70749.000000,29251.000000,22,231984.596652,1780670435.354065,2556.425839,0.821153,4,0,3,0.016006
293,61054.000000,38946.000000,13,232088.953251,1811717673.926544,4029.439505,0.631978,4,0,4,0.038334
294,71165.000000,28835.000000,25,223099.889643,2307723357.596907,2808.839156,0.728134,4,0,1,0.029444
295,64247.000000,35753.000000,17,233300.252921,1751488498.320659,4077.627346,0.687017,4,0,3,0.019060
296,67391.000000,32609.000000,21,230215.727759,1738749458.521776,2942.957097,0.712205,4,0,1,0.019589
297,66161.000000,33839.000000,18,237161.036363,1439572772.156391,3569.914733,0.562367,4,0,2,0.021747
298,69950.000000,30050.000000,22,231147.484296,1820834084.017591,2937.653460,0.649162,4,0,2,0.029207
299,80402.000000,19598.000000,27,234690.792988,1616614978.038352,2307.425424,0.776499,4,0,2,0.016460
300,70245.000000,29755.000000,22,105699.539404,1040713418.753786,1488.401417,1.215755,4,0,2,0.013725
301,81984.000000,18016.000000,33,142720.662368,647373752.493529,1421.663390,1.105126,4,0,2,0.009593
302,77548.000000,22452.000000,29,143254.053105,622284161.850045,1699.757093,1.004162,4,0,1,0.011220
303,77798.000000,22202.000000,26,119388.767655,418044433.439172,1251.026089,1.109137,4,0,3,0.009678
304,73529.000000,26471.000000,27,111286.886653,573904189.410457,1263.914344,0.997243,4,0,3,0.022005
305,72564.000000,27436.000000,25,116204.819488,540269104.607762,1465.702585,0.956612,4,0,1,0.013646
306,80034.000000,19966.000000,31,143955.808145,728980826.148209,1574.268453,1.020399,4,0,1,0.018805
307,83753.000000,16247.000000,34,141956.803121,856592607.413150,1609.914854,1.367994,4,0,2,0.012540
308,85288.000000,14712.000000,35,165262.868523,1007524957.646330,1896.376146,1.350198,4,0,1,0.011351
309,75837.000000,24163.000000,28,122406.527922,419389195.330879,1708.880283,1.479035,4,0,2,0.011741
310,84247.000000,15753.000000,32,108227.256653,198710078.454154,1095.490281,1.627971,4,0,2,0.014548
311,83025.000000,16975.000000,32,122859.987136,565240471.128005,1252.808351,1.960148,4,0,2,0.012480
312,95653.000000,4347.000000,47,180751.683980,2018256917.898398,1443.078545,1.015276,4,0,4,0.011016
313,78660.000000,21340.000000,29,120693.877567,531053408.462099,1373.510634,1.226497,4,0,2,0.009508
314,73883.000000,26117.000000,25,121132.567751,459849502.483746,1413.246319,1.006916,4,0,3,0.017853
315,80512.000000,19488.000000,32,153637.472985,745351658.091814,1935.055462,1.211961,4,0,1,0.009670
316,77713.000000,22287.000000,30,161854.346559,742689885.891983,2002.922432,1.100922,4,0,2,0.011334
317,74762.000000,25238.000000,28,162875.348280,1481219136.322913,2444.278666,1.454188,4,0,3,0.015987
318,75374.000000,24626.000000,26,123823.902583,559422564.264689,1700.501323,1.199436,4,0,2,0.010524
319,79444.000000,20556.000000,29,136495.527388,903870200.505734,1626.082453,1.440526,4,0,3,0.014377
320,79979.000000,20021.000000,29,128465.572381,723115766.120081,1466.926178,1.282019,4,0,3,0.017981
321,80320.000000,19680.000000,29,129603.965537,324633666.577798,1550.177526,1.234062,4,0,2,0.011525
322,76997.000000,23003.000000,28,129581.445077,497283360.806134,1714.690160,1.228999,4,0,2,0.013441
323,79686.000000,20314.000000,29,133767.530213,453109506.184688,1330.717884,1.298391,4,0,2,0.018423
324,78233.000000,21767.000000,29,122568.057045,606061781.840640,1601.946738,1.330361,4,0,5,0.016699
325,81149.000000,18851.000000,32,135140.973756,1397202707.474694,1571.252135,1.262576,4,1,7,0.010992
326,73599.000000,26401.000000,23,125178.880171,320416251.756287,1585.257482,1.104284,4,1,2,0.011649
327,91054.000000,8946.000000,43,167592.437194,1807515405.722618,1454.143291,0.903677,4,1,2,0.015547
328,73600.000000,26400.000000,26,157944.255136,694049377.253196,1786.913492,0.797850,4,1,2,0.011739
329,81493.000000,18507.000000,34,158925.376715,1467890113.767246,1769.026107,0.994179,4,1,3,0.014215
330,81341.000000,18659.000000,33,139980.806889,632317639.240409,1670.153169,1.146437,4,1,1,0.016760
331,85115.000000,14885.000000,34,143067.933095,679711038.841268,1398.571566,1.172116,4,1,2,0.007907
332,80652.000000,19348.000000,32,168154.375628,1171944817.239636,2013.434598,0.990222,4,1,3,0.011381
333,70713.000000,29287.000000,24,110840.260264,211244591.132473,1350.284906,1.104383,4,1,2,0.011429
334,78055.000000,21945.000000,26,113949.648240,290063233.556955,1277.561141,1.202512,4,1,4,0.016417
335,85252.000000,14748.000000,36,143321.890396,873098337.676445,1476.437795,1.275279,4,1,2,0.009211
336,74818.000000,25182.000000,27,142413.604095,817843874.387280,1626.958999,0.960289,4,1,2,0.009753
337,80380.000000,19620.000000,31,143186.969390,343374050.516049,1425.988738,0.924897,4,1,2,0.024655
338,82552.000000,17448.000000,31,136258.917936,719857384.368769,1581.727841,1.032541,4,1,2,0.013355
339,74042.000000,25958.000000,24,126617.607429,501237333.345828,1583.348546,1.307224,4,1,2,0.011468
340,71754.000000,28246.000000,22,110756.013896,312841231.111851,1220.090805,1.163337,4,1,2,0.019731
341,79445.000000,20555.000000,29,149054.150409,944133867.765517,1567.955104,1.143481,4,1,2,0.010077
342,78978.000000,21022.000000,30,163652.472204,1573244969.907504,2051.531728,1.010703,4,1,2,0.012147
343,80194.000000,19806.000000,31,153856.389192,1189120786.386073,1906.712697,1.104288,4,1,2,0.011051
344,79514.000000,20486.000000,29,141692.822204,854132751.484404,1542.142318,1.208412,4,1,1,0.021506
345,73318.000000,26682.000000,23,121496.084839,392435224.671349,1545.300434,0.987941,4,1,2,0.016948
346,71406.000000,28594.000000,21,98963.712719,514678328.682977,1229.870231,1.236590,4,1,2,0.014916
347,67746.000000,32254.000000,23,81725.316184,266854779.432961,1181.544403,1.576241,4,1,2,0.012913
348,78126.000000,21874.000000,29,147804.768679,529815739.865095,1739.073744,1.018004,4,1,2,0.008637
349,77277.000000,22723.000000,29,171317.958268,984190192.985001,1713.175623,1.034853,4,1,2,0.023216
350,74661.000000,25339.000000,24,147006.178253,1365952498.356092,2216.110764,1.180859,4,1,2,0.010397
351,80964.000000,19036.000000,33,153122.411364,1211287835.536671,2036.763393,1.152849,4,1,2,0.011389
352,78783.000000,21217.000000,29,133304.992632,743268254.064206,1537.905870,1.226484,4,1,2,0.019484
353,73748.000000,26252.000000,29,132103.777424,724271656.610042,1672.604737,1.076003,4,1,1,0.021428
354,77377.000000,22623.000000,27,188764.813250,1760172205.298177,1891.940795,0.800878,2,1,2,0.022118
355,73189.000000,26811.000000,22,199278.252419,1556477292.427696,2564.297077,0.889382,2,1,2,0.026079
356,73885.000000,26115.000000,26,198163.915972,2541617607.044670,2204.555767,0.962027,2,1,2,0.011522
357,70380.000000,29620.000000,26,193327.129442,1513330411.423669,2525.095872,0.595543,2,1,2,0.031548
358,92744.000000,7256.000000,40,228385.787558,1713704727.273323,2230.908728,0.566087,2,1,2,0.017567
359,88467.000000,11533.000000,37,219475.224502,1844458744.211981,1996.549263,0.621385,2,1,1,0.014297
360,71696.000000,28304.000000,23,191709.578985,1064460362.401988,2349.358284,0.593607,2,1,2,0.024801
361,78294.000000,21706.000000,29,215961.657753,1477094381.701292,2574.010296,0.592607,2,1,2,0.031910
362,74026.000000,25974.000000,22,208435.186337,1893963294.109249,2454.624625,0.623530,2,1,2,0.036548
363,76343.000000,23657.000000,28,182650.682764,1513977468.157232,1933.735170,0.728202,2,1,2,0.025267
364,73102.000000,26898.000000,26,195621.218427,1397911865.094170,2207.590990,0.629173,2,1,2,0.027463
365,71196.000000,28804.000000,21,197518.840786,1387374350.672066,2179.679542,0.696556,2,1,2,0.018047
366,73277.000000,26723.000000,24,214179.404069,1807092953.968449,2715.990542,0.510698,2,1,3,0.019028
367,90980.000000,9020.000000,41,219157.461002,1593422130.698303,2258.036379,0.493291,2,1,2,0.016336
368,75259.000000,24741.000000,26,197655.136861,1574494104.874359,2748.625197,0.531022,2,1,2,0.019286
369,77987.000000,22013.000000,28,209922.048214,1391421574.445411,2402.980175,0.475230,2,1,2,0.011780
370,72076.000000,27924.000000,25,210049.964744,1396628107.574815,2360.808791,0.455094,2,1,2,0.013926
371,81953.000000,18047.000000,33,217205.238908,1780058696.402264,2683.874980,0.460958,2,1,2,0.025581
372,74453.000000,25547.000000,26,209557.051195,1657713149.714314,2769.778760,0.425706,2,1,1,0.024479
373,76893.000000,23107.000000,29,225273.519182,1433770405.754535,2837.383335,0.376477,2,1,2,0.009671
374,80185.000000,19815.000000,28,202198.580151,1376734955.410815,2396.780534,0.504508,2,1,2,0.016063
375,75308.000000,24692.000000,24,194136.222212,1165896704.024659,2433.983892,0.545924,2,1,2,0.010768
376,72293.000000,27707.000000,22,208953.838865,1600062088.594248,2699.277400,0.440561,2,1,2,0.023992
377,76191.000000,23809.000000,28,222041.016504,1550041059.676789,2769.511001,0.398808,2,1,1,0.011723
378,74336.000000,25664.000000,27,212090.340795,1497284631.099930,2634.886981,0.433428,2,1,2,0.015474
379,74479.000000,25521.000000,26,203499.647454,1753123541.567658,2887.015340,0.494848,2,1,2,0.014543
380,83384.000000,16616.000000,30,228357.553266,1450018859.220993,2507.553155,0.414995,2,1,2,0.016459
381,79388.000000,20612.000000,29,213501.483111,1694912857.157776,2436.372230,0.508322,2,1,2,0.025827
382,65602.000000,34398.000000,18,189208.754313,1202788664.263405,2894.420613,0.474506,2,1,2,0.020998
383,77402.000000,22598.000000,25,178646.582709,1051096519.351477,1990.278056,1.043077,2,1,2,0.016180
384,73478.000000,26522.000000,27,144700.790644,1371063473.319625,1783.506329,1.187148,2,1,2,0.031975
385,81460.000000,18540.000000,33,172987.477239,929441112.507313,1614.500549,1.210048,2,1,1,0.011737
386,72085.000000,27915.000000,27,181600.307879,1950403535.179981,2473.332595,0.932289,2,1,2,0.015519
387,72568.000000,27432.000000,27,162713.212494,1168631487.457171,2053.842353,0.876866,2,1,2,0.013731
388,79959.000000,20041.000000,30,154573.217941,1160235283.560309,1882.602064,1.508620,2,1,2,0.014290
389,74454.000000,25546.000000,27,188384.167679,1381090569.892327,2395.358575,1.220239,2,1,2,0.017669
390,75029.000000,24971.000000,29,110112.478805,706786028.913076,1371.065829,1.953787,2,1,2,0.018510
391,77407.000000,22593.000000,26,165785.808017,705747428.558906,1693.117740,1.097019,2,1,2,0.014194
392,78621.000000,21379.000000,29,180767.587584,1076093915.435112,1773.708763,1.049330,2,1,1,0.019585
393,83447.000000,16553.000000,31,169494.329027,683139848.199895,1549.013355,1.171029,2,1,3,0.021702
394,77471.000000,22529.000000,29,180754.362755,1317009155.879662,2470.755493,1.270909,2,1,1,0.016476
395,85872.000000,14128.000000,35,190448.724442,1292672071.714610,2077.173790,0.981269,2,1,1,0.017760
396,73088.000000,26912.000000,26,119727.880655,401092912.343304,1405.277258,1.553487,2,1,2,0.015396
397,80599.000000,19401.000000,33,178399.213216,1202821092.912956,2038.989576,1.656071,2,1,1,0.010398
398,73305.000000,26695.000000,26,175999.151034,1852308895.734501,2329.241565,1.121785,2,1,2,0.052005
399,83601.000000,16399.000000,33,132345.915486,740671222.561888,1400.213196,1.667706,2,1,2,0.022390
400,81139.000000,18861.000000,29,154510.225469,1097687205.594790,1640.594761,1.247999,2,1,2,0.016351
401,81082.000000,18918.000000,30,175917.250577,936261225.833425,1706.936459,1.092813,2,1,1,0.017203
402,74557.000000,25443.000000,23,232216.618888,1742073484.288206,2956.433910,0.538417,2,1,2,0.025394
403,77465.000000,22535.000000,27,224567.827542,1981006871.152022,2438.011650,0.643060,2,1,1,0.017979
404,73444.000000,26556.000000,26,217341.377942,3056952086.479472,3011.640911,0.633363,2,1,2,0.022323
405,72716.000000,27284.000000,24,224012.826350,1901429710.822433,2650.701710,0.683912,2,1,5,0.013938
406,70200.000000,29800.000000,22,228489.017331,1889438995.649884,3262.258943,0.658190,2,1,2,0.032231
407,67366.000000,32634.000000,21,216073.215536,1883504753.435723,3073.933029,0.697988,2,1,2,0.028082
408,68941.000000,31059.000000,20,222491.908120,2394680986.292838,3130.618241,0.560311,2,1,3,0.026549
409,70873.000000,29127.000000,21,224346.404576,1974522707.566455,3121.070659,0.536445,2,1,1,0.025001
410,77530.000000,22470.000000,27,233466.678440,1518349369.532604,2672.542431,0.601405,2,1,2,0.015857
411,67370.000000,32630.000000,18,222278.700017,2346711679.534031,2578.901542,0.821381,2,1,2,0.019882
412,71913.000000,28087.000000,21,229954.674220,1948965746.285455,2607.985510,0.655460,2,1,2,0.013109
413,72026.000000,27974.000000,24,221230.988683,2049057037.496912,2998.556235,0.737129,2,1,1,0.031932
414,68222.000000,31778.000000,18,232308.468334,1765843113.709638,2785.465564,0.682324,2,1,2,0.026521
415,78395.000000,21605.000000,27,221712.137172,2253079102.654749,2610.666835,0.656917,2,1,3,0.034152
416,83257.000000,16743.000000,31,232863.265548,1726568256.779354,2157.142862,0.611250,2,1,1,0.019342
417,70474.000000,29526.000000,20,229351.344678,2023748994.920836,2861.653278,0.518925,2,1,2,0.014328
418,68769.000000,31231.000000,22,230916.942012,1658266638.255510,2873.495429,0.532879,2,1,1,0.015267
419,76159.000000,23841.000000,29,235027.776365,1504797622.767472,2687.261678,0.556234,2,1,2,0.019180
420,70106.000000,29894.000000,23,226253.273464,2066594897.534803,2691.735071,0.686737,2,1,5,0.018473
421,74323.000000,25677.000000,23,233251.413636,1634728040.516412,2933.287170,0.537282,2,1,2,0.023495
422,78112.000000,21888.000000,27,230737.043004,2176872061.077331,2644.189923,0.797963,2,1,2,0.018022
423,69626.000000,30374.000000,20,226019.849853,1775626408.839929,2905.103850,0.512407,2,1,5,0.016915
424,78130.000000,21870.000000,28,232299.867844,1819753463.988014,2610.153052,0.690951,2,1,5,0.017771
425,70146.000000,29854.000000,20,215012.715087,2297140306.133556,3002.998878,0.523131,2,1,2,0.020877
426,69093.000000,30907.000000,19,230838.225235,1599877473.274683,3196.392763,0.592844,2,1,5,0.013585
427,76458.000000,23542.000000,27,228554.165627,1815081816.844315,2421.029142,0.584156,2,1,5,0.018151
428,75488.000000,24512.000000,26,233452.934996,1751791245.252134,2556.998975,0.597093,2,1,2,0.025291
429,70663.000000,29337.000000,21,222586.357080,2094266530.098145,3314.196478,0.627296,2,1,2,0.015686
430,64636.000000,35364.000000,18,223182.782756,2083900110.900796,3492.151743,0.531603,2,1,3,0.021390
431,71742.000000,28258.000000,19,231831.450747,1807874782.968092,3066.256966,0.695049,2,1,2,0.019339
432,71441.000000,28559.000000,22,225668.686397,2501311738.899014,3079.174453,0.579571,2,1,5,0.022873
433,68471.000000,31529.000000,22,232300.532543,1659278130.498832,3099.000531,0.582056,2,1,1,0.017895
434,82167.000000,17833.000000,31,228097.124713,2170151474.832005,2246.194258,0.669293,2,1,1,0.020865
435,84771.000000,15229.000000,34,237133.623435,1521359781.885903,2443.313905,0.677221,2,1,2,0.010914
436,73148.000000,26852.000000,23,229558.048045,2324124437.879501,2683.719375,0.586859,2,1,3,0.020615
437,73289.000000,26711.000000,24,234902.345135,1629889395.141028,2798.203344,0.588972,2,1,5,0.017557
438,81337.000000,18663.000000,32,226905.272632,2423269691.277198,2295.313625,0.895755,2,1,2,0.014601
439,69207.000000,30793.000000,17,221054.828486,2066600616.870827,3637.497645,0.581217,2,1,5,0.026156
440,73456.000000,26544.000000,22,231774.414682,1709954828.601548,3486.778858,0.566510,2,1,5,0.027398
441,74897.000000,25103.000000,26,228958.872126,1772143830.369975,2958.498376,0.520389,2,1,4,0.015672
442,81424.000000,18576.000000,28,228390.662261,2095995176.993181,2331.644462,0.647020,2,1,2,0.017869
443,76456.000000,23544.000000,25,233783.363969,1749163282.568100,2828.621576,0.717745,2,1,5,0.020456
444,73717.000000,26283.000000,22,224887.018613,2783275031.759271,3179.858089,0.601645,2,1,5,0.020832
445,81361.000000,18639.000000,28,229422.663866,1746066386.472490,2645.827360,0.660613,2,1,6,0.033955
446,66366.000000,33634.000000,18,215630.133670,3169524113.439855,2280.507517,0.565562,2,1,4,0.029249
447,71774.000000,28226.000000,23,222268.659700,1817505236.447427,2859.371655,0.618331,2,1,5,0.019968
448,72678.000000,27322.000000,21,225898.890143,1980976590.997883,3194.396307,0.573912,2,1,4,0.023196
449,69394.000000,30606.000000,19,230966.332436,1940774980.865124,3439.573757,0.530795,2,1,5,0.020175
450,73123.000000,26877.000000,24,232954.999564,1940366914.361337,3091.080799,0.486272,2,1,6,0.015790
451,65783.000000,34217.000000,18,226057.038449,2215339008.874726,3294.068737,0.450683,2,1,5,0.021315
452,68746.000000,31254.000000,18,229082.161975,1680903173.201981,3076.968106,0.573808,2,1,6,0.035645
453,77164.000000,22836.000000,23,230528.226341,1490180189.276086,2995.942353,0.558928,2,1,5,0.012163
454,90351.000000,9649.000000,39,233776.870102,1857501556.733711,2009.321245,0.701240,2,1,5,0.007941
455,72417.000000,27583.000000,22,229350.809645,1944126078.100954,3110.964302,0.544909,2,1,5,0.021806
456,74271.000000,25729.000000,27,224781.635356,1458843604.967990,2476.413232,0.611789,2,1,2,0.030309
457,73993.000000,26007.000000,27,229365.682443,1817803569.032783,2831.580641,0.687224,2,1,6,0.015017
458,76253.000000,23747.000000,25,234273.242404,1886102616.011543,2834.698996,0.556452,2,1,4,0.014680
459,69335.000000,30665.000000,22,224317.723119,2128579233.614623,2712.787845,0.593714,2,1,5,0.026648
460,69552.000000,30448.000000,21,228305.230107,1718000326.047060,3479.409399,0.546883,2,1,5,0.018561
461,76993.000000,23007.000000,29,227182.777222,2390677842.112350,2812.344772,0.720556,2,1,5,0.017936
462,74452.000000,25548.000000,22,233202.899542,1840686634.851415,2726.100506,0.667909,2,1,6,0.014535
463,67654.000000,32346.000000,19,233216.464988,1594803425.690315,3649.305506,0.419370,2,1,2,0.020034
464,76260.000000,23740.000000,26,186435.310316,2040672319.564147,1734.499304,0.741151,2,1,5,0.016925
465,70571.000000,29429.000000,22,181293.844413,1642210500.854654,2006.374393,0.703165,2,1,5,0.016720
466,74854.000000,25146.000000,26,156946.076838,988750539.834056,1860.485696,0.740223,2,1,6,0.022267
467,79362.000000,20638.000000,27,210371.195927,1304916134.920431,2205.146236,0.705124,2,1,2,0.014393
468,95885.000000,4115.000000,47,204601.458615,2726888393.711225,1503.084973,0.945477,2,1,1,0.000000
469,82593.000000,17407.000000,31,195355.272030,1618150084.658875,1889.363992,0.823029,2,1,6,0.011978
470,73024.000000,26976.000000,25,175285.513038,1932666851.942829,2008.332046,0.709554,2,1,5,0.016989
471,73832.000000,26168.000000,25,176984.939155,1297368408.825781,2415.539807,0.701861,2,1,5,0.019759
472,76357.000000,23643.000000,29,196958.343000,1614994080.714059,1754.222581,0.629597,2,1,2,0.021033
473,77385.000000,22615.000000,27,178393.636971,1215876929.392339,1951.635969,1.091859,2,1,2,0.019087
474,98615.000000,1385.000000,48,201137.517315,1479132935.533640,1413.161929,1.207249,2,1,1,0.007534
475,76736.000000,23264.000000,29,176653.458039,1144716241.004194,1963.328855,1.127741,2,1,3,0.022140
476,80814.000000,19186.000000,32,186536.762270,1626200063.091298,1855.779811,0.909313,2,1,3,0.021705
477,71353.000000,28647.000000,25,169953.951571,755159435.884807,1918.144099,0.809129,2,1,5,0.025098
478,69844.000000,30156.000000,23,172524.974986,2148348211.476561,2348.703859,1.137343,2,1,2,0.023266
479,81067.000000,18933.000000,28,197818.524439,1667646420.389285,1984.982174,0.925115,2,1,2,0.020364
480,79087.000000,20913.000000,30,172608.048470,2955632013.851983,1831.683020,1.336704,2,1,3,0.017956
481,76797.000000,23203.000000,29,188909.688025,2196671040.830418,1937.555222,0.954751,2,1,5,0.019210
482,84555.000000,15445.000000,34,195126.311200,1836102814.299431,1716.155812,1.123312,2,1,6,0.018321
483,83872.000000,16128.000000,33,158866.770109,1151941613.842797,1660.925457,1.314282,2,1,5,0.025280
484,79243.000000,20757.000000,32,181397.340489,1803063871.627080,1676.370589,1.156379,2,1,2,0.011993
485,75206.000000,24794.000000,25,175714.315564,2035082091.414347,1712.419649,0.812236,2,1,3,0.027757
486,73699.000000,26301.000000,26,166986.908260,824243872.209360,2220.272582,1.218209,2,1,2,0.024846
487,81474.000000,18526.000000,31,183161.935878,2262411694.307945,2022.178636,1.164126,2,1,5,0.020748
488,85112.000000,14888.000000,36,215026.458454,1642636006.616584,1910.159122,0.916242,2,1,4,0.020482
489,80804.000000,19196.000000,31,161259.327938,771460683.025402,1785.811095,1.139277,2,1,4,0.021458
490,82271.000000,17729.000000,32,187362.629666,1230838010.197194,1720.515246,0.911705,2,1,5,0.019435
491,82881.000000,17119.000000,33,187266.752818,1587700584.465992,1963.594167,1.087530,2,1,4,0.012078
492,75615.000000,24385.000000,29,161416.855300,1143961899.378155,1833.255396,1.306922,2,1,2,0.019122
493,75153.000000,24847.000000,24,153660.184111,1211032044.409382,1722.467035,1.506044,2,1,5,0.028699
494,74852.000000,25148.000000,28,187706.716147,2116540111.431665,2026.842810,1.038068,2,1,5,0.018202
495,76599.000000,23401.000000,24,170880.561909,1121031987.866673,1792.238294,0.913164,2,1,5,0.017596
496,78724.000000,21276.000000,30,187650.829718,1660980056.961471,2027.870810,1.033034,2,1,6,0.014968
497,80059.000000,19941.000000,30,171727.188884,1275109739.508919,1374.731239,1.121117,2,1,4,0.016425
498,76128.000000,23872.000000,26,188283.686186,1884485643.497341,1922.851555,0.910483,2,1,5,0.013673
499,80218.000000,19782.000000,31,181848.899134,1815967992.717876,2105.121809,1.013612,2,1,5,0.023264
500,76769.000000,23231.000000,23,180157.053560,1340168647.112643,1599.373446,0.875981,2,1,5,0.012699
501,77741.000000,22259.000000,29,183649.465728,1328631635.797959,1830.608534,1.029604,2,1,6,0.018678
502,73509.000000,26491.000000,26,188480.539655,1223735756.470937,2174.100916,0.764604,2,1,5,0.023529
503,83273.000000,16727.000000,31,156867.941362,490005442.959180,1363.242131,1.443797,2,1,5,0.018475
504,74931.000000,25069.000000,28,169857.124914,987493391.047198,1929.146779,0.931676,2,1,4,0.018188
505,77404.000000,22596.000000,26,152073.684798,2033151133.774539,1792.899567,1.379838,2,1,6,0.014162
506,78241.000000,21759.000000,27,182251.400083,1636652298.033714,1823.159006,1.073385,2,1,4,0.018442
507,82259.000000,17741.000000,32,157409.117707,1388296930.109133,1574.796012,1.303545,2,1,4,0.012238
508,75824.000000,24176.000000,27,184880.747606,1342129383.673953,2346.342962,1.255130,2,1,4,0.016716
509,78993.000000,21007.000000,30,189506.543800,1594360916.154408,1877.484563,0.951665,2,1,4,0.025332
510,77016.000000,22984.000000,27,198150.446030,1557222808.668355,1558.204833,0.634061,2,0,3,0.021000
511,79863.000000,20137.000000,31,214088.126569,1317791373.907122,2149.024302,0.549355,2,0,5,0.019046
512,78084.000000,21916.000000,28,195353.139103,903178600.586801,2082.093312,0.597519,2,0,4,0.019150
513,77399.000000,22601.000000,25,189491.131606,1588505885.966203,1649.103127,0.624873,2,0,6,0.017962
514,84643.000000,15357.000000,33,201109.742160,1192551936.503174,1722.690476,0.707741,2,0,4,0.017393
515,80001.000000,19999.000000,26,210821.213697,2239923385.160548,1940.573155,0.652432,2,0,6,0.017261
516,76795.000000,23205.000000,28,197233.373268,1908590709.780403,2137.924836,0.590323,2,0,4,0.017373
517,78566.000000,21434.000000,26,203147.878885,1603969696.635270,1869.010205,0.843177,2,1,4,0.017796
518,86163.000000,13837.000000,35,181170.503733,2409353369.650145,1602.086359,1.035444,2,1,2,0.014468
519,71526.000000,28474.000000,24,193251.977323,1788553995.766063,2355.770757,0.781797,2,1,2,0.026957
520,82686.000000,17314.000000,33,190923.989429,1177269854.436019,2054.905299,1.349429,2,1,6,0.010398
521,75739.000000,24261.000000,27,144681.010551,800486245.555079,1563.225943,1.225195,2,1,2,0.016565
522,85706.000000,14294.000000,34,190408.330547,1516716366.847952,1572.873277,1.162879,1,2,3,0.031801
523,82083.000000,17917.000000,29,162902.650596,4017361670.946668,1323.435916,1.829464,1,2,6,0.017851
524,74454.000000,25546.000000,25,200566.428323,2386733550.423738,2170.136140,1.060447,1,2,4,0.023885
525,79518.000000,20482.000000,28,180991.407166,1115058487.537598,1367.745781,1.361257,1,2,4,0.022231
526,77088.000000,22912.000000,28,167133.499390,1221762428.607170,1458.102043,1.228408,1,2,6,0.026673
527,72600.000000,27400.000000,21,138677.682832,1615061291.877470,1627.707472,1.165909,1,2,4,0.015225
528,75254.000000,24746.000000,24,162968.994760,2622847910.306927,1504.202502,1.239830,1,2,5,0.013738
529,91205.000000,8795.000000,40,173713.600745,1929846620.237439,1375.127366,1.512623,1,2,3,0.015213
530,71404.000000,28596.000000,23,150807.005885,751443518.056396,1969.618793,1.358316,1,2,6,0.025035
531,74297.000000,25703.000000,26,150548.894622,1681202615.011483,1839.912289,1.244693,1,2,4,0.021127
532,82310.000000,17690.000000,31,198203.563383,2240060666.370017,1922.155023,1.036395,1,2,4,0.018638
533,83488.000000,16512.000000,34,159346.043864,1123772584.437759,1430.728823,1.547945,1,2,3,0.027721
534,76697.000000,23303.000000,27,165919.792402,2412682635.263020,1573.908404,1.300560,1,2,3,0.024405
535,72008.000000,27992.000000,25,168395.465135,1662636986.009275,2160.169435,1.235059,1,2,4,0.020958
536,74331.000000,25669.000000,25,186035.073020,1284681019.254338,1646.455322,0.963796,1,2,4,0.021575
537,79939.000000,20061.000000,32,172300.297241,2327758226.642208,1557.119271,1.776618,1,2,5,0.022135
538,84943.000000,15057.000000,34,176041.017186,1366981155.603473,1439.896785,1.508399,1,2,2,0.018510
539,76869.000000,23131.000000,27,150199.876266,1144912004.944883,1332.976694,1.269299,1,2,4,0.015729
540,77621.000000,22379.000000,29,159222.316128,2882659751.172359,1512.116474,1.252078,1,2,4,0.011763
541,78969.000000,21031.000000,33,196596.158900,1076814641.616355,2205.771252,0.559992,0,3,4,0.017059
542,88214.000000,11786.000000,38,201145.205142,1545213535.980829,1870.919665,0.667251,0,3,4,0.016955
543,87118.000000,12882.000000,37,205565.108146,957529764.254958,1916.037551,0.667575,0,3,1,0.022045
544,82509.000000,17491.000000,32,189259.657648,1399725015.299835,1943.804120,0.625332,0,3,2,0.013826
545,76215.000000,23785.000000,31,177857.956040,1884225156.156651,2046.997739,0.673725,0,3,1,0.021947
546,74474.000000,25526.000000,27,194650.916689,1060487641.119271,2414.766368,0.489780,0,3,2,0.022228
547,74949.000000,25051.000000,26,191363.539524,1252660103.723224,2244.310820,0.517383,0,3,2,0.017653
548,79797.000000,20203.000000,29,207803.303136,1354222043.635041,2291.457806,0.619957,0,3,4,0.023745
549,76717.000000,23283.000000,30,184841.640299,1043718752.625097,2235.191974,0.803259,0,3,2,0.023867
550,81504.000000,18496.000000,33,180694.250653,1277129339.648266,1845.240299,0.694685,0,3,4,0.013441
551,82804.000000,17196.000000,33,190507.021709,1238307363.418391,1843.506002,0.741769,0,3,2,0.012565
552,84624.000000,15376.000000,38,203075.134375,1697769704.436504,2150.579534,0.709943,0,3,2,0.013182
553,79680.000000,20320.000000,29,191355.885202,1227007473.055865,2181.774863,0.637092,0,3,2,0.016815
554,83879.000000,16121.000000,35,191707.258387,1838104349.722250,2232.121761,0.714092,0,3,1,0.015550
555,77133.000000,22867.000000,27,196670.435231,1404683715.058983,2212.587869,0.633223,0,3,1,0.020304
556,77972.000000,22028.000000,29,191243.910650,1182592223.944217,2124.363732,0.680589,0,3,3,0.014338
557,79054.000000,20946.000000,30,186074.093087,940786759.564041,2005.170604,0.638630,0,3,2,0.016796
558,87966.000000,12034.000000,38,208288.146957,1456023908.435817,2014.557462,0.626877,0,3,1,0.013757
559,80914.000000,19086.000000,30,163442.043967,895151486.147841,1709.942973,0.783461,0,3,4,0.014349
560,80475.000000,19525.000000,34,208038.951480,1616514470.959352,2582.221093,0.529199,0,3,3,0.016506
561,82100.000000,17900.000000,32,187022.323392,1266709916.736885,1831.027636,0.678191,0,3,2,0.014476
562,86721.000000,13279.000000,34,198358.616071,1436208853.777986,1793.369519,0.675823,0,3,3,0.020556
563,81164.000000,18836.000000,32,221156.281715,1379917664.302044,2184.655207,0.549508,0,6,2,0.033469
564,77164.000000,22836.000000,30,212111.792369,1308068722.394654,2547.474968,0.551461,0,6,2,0.039642
565,75612.000000,24388.000000,28,222942.466812,1198308683.339649,2909.873809,0.379177,0,6,4,0.055054
566,75406.000000,24594.000000,27,204726.468739,1528585082.662683,2445.148419,0.517553,0,6,2,0.022819
567,81084.000000,18916.000000,31,191713.930267,1090558659.101102,2223.849878,0.591692,0,6,3,0.057301
568,78560.000000,21440.000000,29,218626.072063,1198982860.612871,2436.209550,0.663600,0,6,3,0.022648
569,81786.000000,18214.000000,33,201623.877324,1139978966.198894,2072.263997,0.611426,0,6,5,0.029410
570,83438.000000,16562.000000,32,216696.233812,1064409658.724923,2241.776693,0.608723,0,6,3,0.039875
571,77053.000000,22947.000000,29,204024.254273,1059404352.525579,2304.097434,0.584953,0,6,2,0.043955
572,85407.000000,14593.000000,35,222495.900707,1525381435.175642,2296.081950,0.638837,0,6,3,0.037615
573,76898.000000,23102.000000,31,220495.398937,1408094947.371650,2499.573787,0.447848,0,6,5,0.060182
574,75285.000000,24715.000000,29,204826.232043,1258164834.541066,2474.546419,0.555600,0,6,6,0.029573
575,77343.000000,22657.000000,28,219083.062973,1358557688.194117,2461.832323,0.551646,0,6,5,0.024537
576,80256.000000,19744.000000,30,183968.051765,1396790139.947037,2160.067062,0.792067,0,6,5,0.010916
577,86023.000000,13977.000000,36,167533.255907,1108702517.991301,1601.076440,0.815010,0,6,2,0.014057
578,76474.000000,23526.000000,28,151576.814893,602281948.427458,1846.929725,0.749025,0,6,3,0.008279
579,77258.000000,22742.000000,27,169816.292982,874921538.628282,1948.514412,0.718804,0,6,3,0.020043
580,75310.000000,24690.000000,25,153071.186371,556886678.596417,1963.054742,0.810512,0,6,5,0.022199
581,67268.000000,32732.000000,21,184430.943777,1457018176.864318,2542.863869,0.578053,0,6,3,0.032921
582,71182.000000,28818.000000,24,157331.465934,973001128.678964,2127.802396,0.684946,0,6,3,0.022763
583,83952.000000,16048.000000,34,217970.746467,1206247669.415123,2161.854415,0.529641,0,6,2,0.013831
584,80305.000000,19695.000000,29,145736.349309,525462055.179610,1559.645286,0.771095,0,6,2,0.012187
585,80024.000000,19976.000000,30,155309.573610,652359540.218414,1605.167274,1.057679,0,6,5,0.010945
586,74846.000000,25154.000000,26,129909.966614,634715148.268132,1938.900234,0.952155,0,6,2,0.009805
587,77240.000000,22760.000000,27,141758.745680,609934957.015548,1448.074893,0.904385,0,3,2,0.013193
588,76771.000000,23229.000000,29,113097.338923,367140708.047886,1263.749873,1.096423,0,3,2,0.013804
589,85375.000000,14625.000000,34,153736.160335,802544240.436772,1487.234387,0.875358,0,3,5,0.007527
590,76945.000000,23055.000000,32,138628.595248,442069143.220539,1613.182945,0.703344,0,3,5,0.014064
591,89260.000000,10740.000000,39,161321.494857,892050818.358211,1491.312312,0.784074,0,3,5,0.008150
592,78900.000000,21100.000000,27,134375.684998,661101479.768020,1562.722577,0.891540,0,3,3,0.010397
593,81926.000000,18074.000000,34,130228.628481,293504292.103465,1313.078918,1.019734,0,3,6,0.013240
594,83911.000000,16089.000000,34,155330.543177,818780438.934000,1763.611486,0.786810,0,3,6,0.009200
595,81736.000000,18264.000000,30,148831.551916,395834662.281169,1601.203614,0.895039,0,3,2,0.014323
596,78476.000000,21524.000000,31,126088.874404,662502102.184405,1727.871184,1.035401,0,3,3,0.016300
597,80677.000000,19323.000000,32,146926.831978,786734531.002700,1642.019375,0.778976,0,3,2,0.011867
598,80327.000000,19673.000000,32,182783.441480,1128585189.250348,1946.426923,0.730902,0,3,2,0.010810
599,76468.000000,23532.000000,27,124111.882660,640949831.247478,1535.779277,0.947623,0,3,5,0.008548
600,81519.000000,18481.000000,31,155504.095817,881433306.178881,1542.953901,0.835180,0,3,2,0.011992
601,84724.000000,15276.000000,34,148808.154785,1575503737.117063,1374.055909,0.975900,0,3,2,0.006896
602,78853.000000,21147.000000,29,146104.072124,973475204.191906,1598.189441,0.805883,0,3,2,0.009455
603,79034.000000,20966.000000,30,140634.030920,655503463.118003,1569.073267,0.751662,0,3,2,0.010763
604,81966.000000,18034.000000,33,135516.433660,429598307.704606,1394.698028,0.849830,0,3,1,0.015058
605,77368.000000,22632.000000,26,123042.291383,405046889.361844,1449.716880,0.839239,0,3,3,0.010099
606,82199.000000,17801.000000,34,164227.700797,858072943.039424,1892.889285,0.818595,0,3,2,0.011924
607,83452.000000,16548.000000,31,134859.520989,644101787.505362,1444.719726,0.985456,0,3,2,0.018286
608,69782.000000,30218.000000,21,102400.264556,369016054.389589,1399.779173,1.054789,0,3,2,0.025164
609,88539.000000,11461.000000,40,164557.649309,1073466765.302809,1711.076669,0.915567,0,3,2,0.009655
610,84928.000000,15072.000000,31,132788.013151,622434192.289150,1372.974096,1.005408,0,3,5,0.011462
611,75250.000000,24750.000000,28,152295.663929,533930646.326288,1939.103931,0.642036,0,3,2,0.013548
612,80786.000000,19214.000000,31,148784.258827,831615129.869704,1741.596058,0.933720,0,3,2,0.014130
613,76504.000000,23496.000000,25,151166.459266,734681290.364039,1928.391087,0.748378,0,3,1,0.010478
614,81875.000000,18125.000000,31,168023.226260,1063186618.596388,1497.227760,0.818542,0,3,3,0.010592
615,84286.000000,15714.000000,34,165065.312192,682926383.252534,1526.590290,0.960273,0,3,2,0.009385
616,81007.000000,18993.000000,31,162219.215396,934216510.035108,1806.945496,0.856120,0,3,3,0.013288
617,86409.000000,13591.000000,36,157360.122914,952628186.325119,1463.221808,0.871779,0,3,3,0.007408
618,85109.000000,14891.000000,35,141711.982996,620287303.268057,1306.517249,0.906571,0,3,5,0.011506
619,74368.000000,25632.000000,28,163393.369213,989838217.196263,2027.896225,0.840876,0,3,6,0.017086
620,77779.000000,22221.000000,28,150212.261912,776341091.895064,1692.602021,0.888351,0,3,2,0.011682
621,78586.000000,21414.000000,31,158353.124662,938825132.109790,1796.330787,0.787567,0,1,2,0.010170
622,79257.000000,20743.000000,29,171087.805420,911786437.725888,1919.498338,0.734740,0,1,2,0.011493
623,84977.000000,15023.000000,35,138349.199193,440521457.497139,1185.052888,1.006469,0,1,2,0.008972
624,80286.000000,19714.000000,30,155721.399920,624396360.052134,1538.294114,0.828118,0,1,2,0.008844
625,76220.000000,23780.000000,27,116274.637496,306949073.347414,1267.104437,1.068934,0,1,2,0.013235
626,80591.000000,19409.000000,29,134019.220950,399447244.434551,1443.338625,0.995967,0,1,2,0.009950
627,78117.000000,21883.000000,29,133039.367270,573647699.936172,1458.680566,1.000579,0,1,5,0.012727
628,85304.000000,14696.000000,35,137662.877855,657190242.604589,1418.396852,0.964401,0,1,2,0.012212
629,81545.000000,18455.000000,33,132269.192117,493421424.264664,1508.808925,0.833909,0,1,2,0.020969
630,83418.000000,16582.000000,33,149494.336124,689375647.212249,1406.101096,0.863578,0,1,1,0.010334
631,87526.000000,12474.000000,38,142605.725843,574413281.628340,1330.925098,1.026318,0,1,4,0.007984
632,80595.000000,19405.000000,30,155535.618712,893319372.075145,1669.374426,0.715078,0,1,3,0.012509
633,72768.000000,27232.000000,24,146575.618922,644719176.851741,1771.881489,0.703812,0,1,5,0.013783
634,77786.000000,22214.000000,28,154736.024626,1790613913.153956,1800.244242,0.878715,0,1,3,0.016210
635,87812.000000,12188.000000,38,170878.810887,811844143.483416,1511.780368,0.908499,0,1,4,0.007580
636,87593.000000,12407.000000,38,138466.554203,780650740.696247,1416.489401,0.945436,0,1,2,0.005794
637,76014.000000,23986.000000,26,135851.527050,477307518.806411,1587.536180,0.900572,0,1,3,0.009170
638,81821.000000,18179.000000,32,124460.658676,340321331.251306,1306.055984,0.890353,0,1,3,0.010441
639,79988.000000,20012.000000,33,126701.592040,549201184.576485,1430.885228,1.111945,0,1,1,0.008655
640,78882.000000,21118.000000,28,122133.587355,573539976.478935,1412.578435,1.030963,0,1,2,0.009451
641,81507.000000,18493.000000,31,139587.703715,624940096.220223,1544.311228,0.828795,0,1,2,0.010354
642,81908.000000,18092.000000,32,164193.984489,549214974.902862,1599.433477,0.734636,0,1,2,0.013174
643,75253.000000,24747.000000,25,108751.081460,473190592.322707,1285.388380,1.005140,0,1,2,0.009450
644,77758.000000,22242.000000,30,142944.916896,702715838.248672,1501.619937,0.940769,0,1,3,0.013438
645,79081.000000,20919.000000,29,131911.444544,832734189.096115,1783.009268,0.973685,0,1,3,0.012848
646,76383.000000,23617.000000,28,101028.177188,320132697.567088,1165.491257,1.053905,0,1,3,0.011273
647,83512.000000,16488.000000,32,136533.920106,1419641715.539994,1277.039884,0.905520,0,1,5,0.011219
648,77422.000000,22578.000000,28,118945.139240,303341927.769748,1454.162299,0.932965,0,1,3,0.008148
649,76137.000000,23863.000000,28,122363.778734,449073695.967758,1572.633106,1.041766,0,1,5,0.008939
650,90873.000000,9127.000000,40,168102.242069,1764689958.782032,1883.759934,0.858096,0,1,3,0.008561
651,87446.000000,12554.000000,40,181874.786564,990111999.005317,1811.052568,0.691480,0,1,5,0.011429
652,81749.000000,18251.000000,33,112601.465584,259513443.133745,1082.995496,1.023276,0,1,2,0.012028
653,81296.000000,18704.000000,33,132936.468854,659024512.153211,1620.557888,1.061791,0,1,3,0.011251
654,71091.000000,28909.000000,21,116080.283821,318440134.464439,1668.955054,0.908366,0,1,2,0.014748
655,82708.000000,17292.000000,34,154607.181409,1274990436.742444,1539.381108,0.877458,0,1,2,0.011946
656,78603.000000,21397.000000,30,132433.244558,435589889.176735,1381.186742,0.863841,0,1,2,0.014446
657,85795.000000,14205.000000,36,161670.044317,1475172881.347011,1420.125038,0.818780,0,1,3,0.006541
658,80214.000000,19786.000000,27,124252.690110,305059595.949413,1508.599412,0.954439,0,1,2,0.012460
659,78046.000000,21954.000000,33,119833.259639,275473414.344720,1453.382826,0.922597,0,1,3,0.014135
660,77175.000000,22825.000000,27,133278.639940,487682689.792540,1433.390384,0.782070,0,1,5,0.013418
661,75151.000000,24849.000000,26,136223.262727,465631210.947904,1581.158700,0.854104,0,1,2,0.016579
662,81020.000000,18980.000000,35,144837.858572,1444440555.120673,1573.499030,0.801670,0,1,2,0.012631
663,88276.000000,11724.000000,36,168225.617036,1340416313.463291,1657.803123,0.940187,0,1,2,0.013009
664,73878.000000,26122.000000,27,132303.645005,1204607770.253538,1718.939012,0.954875,0,1,2,0.008792
665,82037.000000,17963.000000,32,124701.246109,357784209.929044,1247.307011,0.984252,0,2,5,0.007370
666,79227.000000,20773.000000,29,143189.669318,604239879.397196,1478.777329,0.958647,0,2,2,0.011096
667,71546.000000,28454.000000,25,123288.743014,386840337.186080,1514.735205,0.741511,0,2,3,0.010448
668,82115.000000,17885.000000,32,134397.285671,346325946.035238,1503.494165,0.957470,0,2,2,0.010552
669,74055.000000,25945.000000,24,138044.808145,700800926.125562,1505.991251,0.811325,0,2,2,0.019565
670,82972.000000,17028.000000,33,150215.888786,747294424.376191,1511.964573,0.833522,0,2,1,0.011197
671,80706.000000,19294.000000,33,130682.100048,446232103.769271,1473.969042,0.972680,0,2,2,0.014201
672,74952.000000,25048.000000,26,111943.908349,425361841.269892,1282.629517,1.088100,0,2,2,0.014114
673,79562.000000,20438.000000,28,111260.522362,199405336.126347,1251.341445,0.918010,0,2,2,0.009670
674,79002.000000,20998.000000,30,137341.461691,767505482.541773,1541.085670,0.762705,0,2,2,0.014989
675,70003.000000,29997.000000,21,86706.615512,91807819.808406,1206.444672,1.081125,0,2,2,0.016213
676,80124.000000,19876.000000,29,118448.686995,282679924.348252,1291.853552,0.985446,0,2,2,0.019157
677,73636.000000,26364.000000,23,75288.011757,233228464.174332,880.978642,1.131469,0,2,2,0.008144
678,77214.000000,22786.000000,27,84134.818857,122453191.245592,1039.438566,1.187057,0,2,2,0.006340
679,76412.000000,23588.000000,24,64982.400448,160824765.960316,679.198791,1.319457,0,2,2,0.007707
680,71710.000000,28290.000000,24,74112.857659,179253136.453486,843.341743,1.031770,0,2,2,0.006274
681,83577.000000,16423.000000,35,91356.584397,99431263.241098,892.990438,1.301115,0,2,2,0.005680
682,63959.000000,36041.000000,13,63373.652078,377465481.317031,944.149488,1.172528,0,2,2,0.004853
683,73400.000000,26600.000000,25,76188.440881,120932869.669776,893.129954,1.267749,0,2,2,0.008011
684,74443.000000,25557.000000,24,85730.894227,291145248.190758,982.379490,1.053918,0,2,2,0.007487
685,76538.000000,23462.000000,28,89707.495244,236745872.682437,1003.485894,1.021636,0,2,2,0.010404
686,77258.000000,22742.000000,27,77842.846829,129341171.651067,853.442808,1.198655,0,2,2,0.012310
687,74441.000000,25559.000000,20,75930.964400,266183496.916118,933.725587,0.978518,0,2,2,0.005383
688,75288.000000,24712.000000,23,76796.905529,404098963.486817,848.158406,1.364924,0,2,2,0.005853
689,71279.000000,28721.000000,24,66732.987992,215914070.822092,790.722723,1.370327,0,2,2,0.009522
690,66720.000000,33280.000000,19,78853.929143,468780663.063183,1063.470017,1.339790,0,2,2,0.010018
691,69409.000000,30591.000000,19,63306.075269,183395741.012519,802.357073,1.329876,0,2,2,0.010825
692,70889.000000,29111.000000,21,84054.696267,78224381.951209,1171.210058,1.222258,0,2,2,0.006049
693,69282.000000,30718.000000,21,74381.650315,135510935.289843,952.348477,0.959184,0,2,2,0.009010
694,71120.000000,28880.000000,19,54937.754036,318731746.747340,639.338204,1.614446,0,2,2,0.005626
695,83080.000000,16920.000000,32,102695.508579,242879965.506832,1069.205223,1.241777,0,2,2,0.005668
696,93603.000000,6397.000000,44,94767.022051,98954784.914667,786.897874,1.284944,0,2,2,0.004853
697,72933.000000,27067.000000,21,71561.958458,571295068.608829,847.804153,1.164676,0,2,2,0.007989
698,66446.000000,33554.000000,17,77118.799490,314288810.009722,995.755173,0.980621,0,2,2,0.008875
699,73187.000000,26813.000000,25,78159.019998,61281597.575184,884.430040,1.191359,0,2,2,0.005746
700,88149.000000,11851.000000,40,96229.192893,94012546.787590,980.613068,1.086226,0,2,2,0.005236
701,67932.000000,32068.000000,20,82206.109708,137189885.952301,1175.888531,0.993875,0,2,2,0.007244
702,72678.000000,27322.000000,26,67499.600397,214929811.987031,763.169794,1.152242,0,2,2,0.005711
703,78290.000000,21710.000000,30,122612.765189,626540263.119124,1418.786079,0.769326,0,2,3,0.007883
704,72782.000000,27218.000000,23,96442.486671,405020974.350509,1236.611539,1.054102,0,2,3,0.007408
705,71770.000000,28230.000000,16,59494.182477,275449114.804243,704.895449,1.594304,0,2,2,0.006740
706,72608.000000,27392.000000,20,79714.978120,239485775.699739,961.409293,1.123278,0,2,2,0.011061
707,81437.000000,18563.000000,34,108797.589907,294460568.041699,1155.077557,0.999228,0,2,2,0.005909
708,79723.000000,20277.000000,32,117408.779605,311132246.647065,1279.382614,1.104856,0,2,2,0.005458
709,78245.000000,21755.000000,33,97616.460733,129637811.464050,1173.435915,1.134583,0,2,2,0.007849
710,80900.000000,19100.000000,32,101047.452977,193628021.411491,1178.606956,1.112158,0,2,2,0.005964
711,88336.000000,11664.000000,37,100574.466215,256432703.609103,902.141554,1.099947,0,2,3,0.004767
712,78143.000000,21857.000000,27,78041.629149,114562972.696302,833.251151,1.239671,0,2,2,0.007793
713,75139.000000,24861.000000,25,83821.732152,128602048.213253,956.476089,1.136695,0,2,2,0.005760
714,70562.000000,29438.000000,23,97694.011646,107828754.405573,1250.806094,0.803582,0,2,2,0.014059
715,77918.000000,22082.000000,31,90484.509192,107375938.983949,913.596215,1.109042,0,2,2,0.005974
716,77691.000000,22309.000000,27,88828.300469,151653007.581319,998.884410,1.302099,0,2,2,0.011450
717,85202.000000,14798.000000,34,107244.676543,148805617.104457,1046.292892,0.985618,0,2,2,0.006872
718,70424.000000,29576.000000,21,83636.454669,279752290.967707,1039.979817,1.049194,0,2,2,0.008330
719,77635.000000,22365.000000,27,131925.698634,627326713.202105,1577.892652,0.884418,0,2,2,0.009066
720,90070.000000,9930.000000,43,170120.149600,732590153.833922,1531.455016,0.961463,0,2,2,0.007653
721,76479.000000,23521.000000,29,141444.462722,708377340.033472,1635.229208,0.835920,0,2,2,0.009883
722,84441.000000,15559.000000,31,113337.674497,440670438.723813,1105.601608,1.039281,0,2,2,0.005820
723,74124.000000,25876.000000,25,139132.824366,616907542.230799,1904.387553,0.817236,0,2,2,0.016107
724,69175.000000,30825.000000,21,118636.329371,252309269.987920,1809.362123,0.943802,0,2,2,0.016633
725,66338.000000,33662.000000,19,91368.413800,456802330.207848,1425.390086,1.010576,0,2,2,0.009692
726,85731.000000,14269.000000,35,163609.553885,1483278419.784533,1810.478115,0.803501,0,2,2,0.016668
727,78929.000000,21071.000000,31,137307.294117,713943420.546643,1539.485534,0.990884,0,2,2,0.007773
728,68848.000000,31152.000000,21,92869.750540,196648189.459859,1302.190781,1.018133,0,2,2,0.011216
729,74163.000000,25837.000000,24,135098.598938,627834988.855082,1571.955851,0.891309,0,2,3,0.008792
730,82440.000000,17560.000000,29,132643.005636,694715834.499012,1334.326446,0.909824,0,2,1,0.010734
731,74363.000000,25637.000000,26,102944.414240,264427628.052770,1267.429582,1.166115,0,2,3,0.011192
732,78507.000000,21493.000000,27,125086.432172,504688300.045196,1395.412923,0.979007,0,2,2,0.013313
733,79453.000000,20547.000000,29,129734.648734,385968844.577612,1313.671370,0.946983,0,2,1,0.010138
734,67886.000000,32114.000000,20,123908.786592,350139119.312988,2047.836315,1.070714,0,2,2,0.014044
735,81312.000000,18688.000000,32,145756.200302,687991165.874335,1558.859190,0.900273,0,2,2,0.015241
736,83471.000000,16529.000000,35,182246.706497,1878508930.843985,1906.122157,0.779772,0,2,4,0.008384
737,83261.000000,16739.000000,33,146104.167822,1024193230.258976,1580.374850,0.989638,0,2,2,0.009383
738,76538.000000,23462.000000,28,114760.216911,391401306.345010,1314.050679,1.066850,0,2,2,0.007335
739,84743.000000,15257.000000,34,143564.959863,611583669.454927,1476.736680,0.873293,0,2,2,0.009064
740,81900.000000,18100.000000,35,110057.035063,381789459.793651,1210.947508,1.273731,0,2,2,0.006826
741,72801.000000,27199.000000,24,120960.432133,462601796.783451,1436.093007,0.953725,0,2,3,0.011558
742,74304.000000,25696.000000,26,107930.128804,419651426.960527,1221.516996,1.163038,0,2,3,0.013893
743,91056.000000,8944.000000,42,154492.595794,1190031372.528110,1451.059561,0.843792,0,2,2,0.014352
744,82066.000000,17934.000000,29,131290.146747,490236120.354215,1393.493736,0.940294,0,2,3,0.008435
745,77851.000000,22149.000000,30,155165.132350,655537157.814643,1923.068437,0.881267,0,2,2,0.008585
746,71920.000000,28080.000000,23,125147.950306,385520187.758782,1543.898826,0.830731,0,2,4,0.009427
747,81881.000000,18119.000000,32,115850.830472,418684544.932389,1339.349499,1.095114,0,2,3,0.010104
748,73256.000000,26744.000000,26,104553.090046,263212344.536413,1312.258597,0.962709,0,2,4,0.016176
749,90775.000000,9225.000000,41,163108.823406,1067492680.563771,1392.612007,1.145588,0,2,3,0.013658
750,77137.000000,22863.000000,28,178137.282463,867246380.766513,2505.304336,0.616179,0,2,4,0.011479
751,80527.000000,19473.000000,32,193011.718199,1137024445.354354,2110.344724,0.744235,0,2,2,0.021606
752,77213.000000,22787.000000,27,149236.603452,613802769.236206,1873.853816,0.813455,0,2,3,0.026148
753,75193.000000,24807.000000,28,183028.747998,1226797736.701762,2082.407287,0.600195,0,2,3,0.009648
754,76316.000000,23684.000000,28,167699.205842,861500814.650445,2009.356972,0.655680,0,2,3,0.015796
755,75624.000000,24376.000000,29,165097.784231,993021249.590419,2021.431873,0.669317,0,2,2,0.017960
756,73860.000000,26140.000000,26,163932.107450,793277739.099432,1937.966823,0.693899,0,2,4,0.017261
757,76936.000000,23064.000000,27,159012.438540,818619341.684594,1893.334735,0.784542,0,2,3,0.014062
758,73701.000000,26299.000000,24,135118.142232,414594544.963286,1734.942341,0.770458,0,2,3,0.013383
759,82382.000000,17618.000000,31,181757.868710,1814299356.641974,1968.942613,0.631391,0,2,4,0.013847
760,75624.000000,24376.000000,29,181075.035787,1146026205.713138,2318.121137,0.631518,0,2,4,0.029057
761,79527.000000,20473.000000,28,183568.944010,1092907610.157362,1950.527335,0.684072,0,2,4,0.010369
762,71079.000000,28921.000000,24,154365.806939,1042197572.669045,1845.618001,0.727167,0,2,3,0.015073
763,73810.000000,26190.000000,28,162582.238091,854129311.699623,1989.261560,0.714524,0,2,3,0.012792
764,87991.000000,12009.000000,38,193821.327337,1231526050.846942,2083.064612,0.682338,0,2,4,0.011198
765,75747.000000,24253.000000,25,153092.892369,753995127.834573,1688.979870,0.775983,0,2,2,0.010513
766,73808.000000,26192.000000,24,175664.637480,930129791.405556,2167.494619,0.634651,0,2,3,0.014486
767,77188.000000,22812.000000,25,175394.208448,1129975610.652964,2047.654686,0.810939,0,2,3,0.011477
768,76678.000000,23322.000000,26,184308.868320,1083646242.623580,2118.998915,0.554672,0,2,2,0.012638
769,76391.000000,23609.000000,27,165933.909709,1103718530.131254,1887.482278,0.770616,0,2,2,0.012072
770,81024.000000,18976.000000,30,192295.233378,1243981571.045121,2214.348462,0.642197,0,2,3,0.014521
771,74499.000000,25501.000000,23,225366.482869,1447855519.341446,2937.555474,0.459599,0,2,2,0.028434
772,82747.000000,17253.000000,31,234172.815496,1372939221.303053,2655.791348,0.423101,0,2,4,0.019288
773,71735.000000,28265.000000,23,211970.656658,1367365737.783221,2722.127169,0.492546,0,2,2,0.029917
774,78268.000000,21732.000000,32,230818.347048,1680166512.634735,2790.781975,0.456984,0,2,4,0.021305
775,76896.000000,23104.000000,29,226686.856867,1359411953.607969,2911.947914,0.457420,0,2,2,0.039471
776,75682.000000,24318.000000,25,234862.292504,1507931658.821220,3010.189248,0.354271,0,2,2,0.019785
777,75817.000000,24183.000000,26,230078.645587,1430526724.547874,2764.659030,0.458379,0,2,4,0.030526
778,73645.000000,26355.000000,23,232153.938600,1593756103.732448,2827.616936,0.419509,0,2,3,0.022814
779,74391.000000,25609.000000,25,233377.416332,1388301474.851638,3374.841232,0.370203,0,2,2,0.015866
780,73665.000000,26335.000000,25,219321.062932,1451551199.049176,2527.248082,0.494651,0,1,2,0.019979
781,80613.000000,19387.000000,31,130138.745787,341956995.163012,1308.477372,0.838608,0,1,3,0.007351
782,69037.000000,30963.000000,22,86245.366951,327459397.061874,1078.158701,1.182290,0,1,2,0.008595
783,83099.000000,16901.000000,32,134166.448324,460238318.429906,1393.427253,0.958346,0,1,2,0.012056
784,75942.000000,24058.000000,24,119099.806320,298643570.383735,1457.523642,0.912784,0,1,2,0.019896
785,73343.000000,26657.000000,25,137440.890980,1047361134.598699,1602.562135,0.894963,0,1,2,0.011248
786,73292.000000,26708.000000,24,106788.992083,719387787.176371,1260.010146,1.016693,0,1,2,0.013075
787,75536.000000,24464.000000,28,136570.695649,800320966.288674,1487.841624,0.947379,0,1,3,0.011147
788,81466.000000,18534.000000,29,124450.524937,541515971.161406,1311.924640,0.922372,0,1,2,0.008865
789,72236.000000,27764.000000,24,122867.445868,287051666.120677,1660.070353,0.898260,0,1,1,0.009629
790,83445.000000,16555.000000,35,141031.132503,443291362.991572,1489.511048,0.924600,0,1,2,0.007995
791,80108.000000,19892.000000,30,111804.160684,242414881.731233,1306.494161,1.004420,0,1,3,0.006431
792,67986.000000,32014.000000,20,86617.797661,436154442.418872,1123.821981,1.012112,0,1,2,0.004825
793,100000.000000,1.000000,50,128552.989163,701901739.759596,1057.223192,1.047460,0,1,2,0.006232
794,73462.000000,26538.000000,26,118791.219376,608320146.669456,1559.538724,0.827091,0,1,2,0.007673
795,71270.000000,28730.000000,22,87847.571706,268618981.368002,1181.285739,1.177435,0,1,2,0.008090
796,74458.000000,25542.000000,26,132571.587285,458451850.308567,1872.248223,1.019133,0,1,2,0.005590
797,74872.000000,25128.000000,27,131857.741450,303379757.612082,1465.586174,0.917550,0,1,2,0.006522
798,70272.000000,29728.000000,21,95985.445656,136324060.223749,1192.109259,0.927530,0,1,2,0.008156
799,71624.000000,28376.000000,24,103343.569285,420102894.382212,1313.084505,0.887396,0,1,3,0.011539
800,86612.000000,13388.000000,35,152877.488030,747176603.343065,1637.832210,0.809886,0,1,2,0.005171
801,76756.000000,23244.000000,28,127339.766561,581182620.527028,1544.450545,0.894033,0,1,2,0.005012
802,77693.000000,22307.000000,30,110846.073948,341668911.633253,1253.960082,1.070849,0,1,2,0.007013
803,73892.000000,26108.000000,24,109556.039543,377417260.973185,1271.406692,0.965626,0,1,2,0.007570
804,73840.000000,26160.000000,25,102827.508212,240595939.862610,1218.971795,1.018910,0,1,2,0.009638
805,88022.000000,11978.000000,36,138780.351801,624980048.044419,1441.303643,0.970654,0,1,2,0.010114
806,71968.000000,28032.000000,22,92946.173233,137520124.292379,995.972936,0.998883,0,1,2,0.006100
807,82386.000000,17614.000000,36,133344.876189,752364604.570900,1522.543907,0.819231,0,1,2,0.004824
808,66263.000000,33737.000000,17,97059.662113,576753844.741923,1449.059351,1.037270,0,1,2,0.013171
809,90523.000000,9477.000000,43,146696.136077,615536940.690830,1524.947428,0.829484,0,1,1,0.007874
810,83691.000000,16309.000000,33,140529.148631,671301831.099271,1420.537134,1.106360,0,1,2,0.006429
811,70730.000000,29270.000000,21,88612.154075,129827411.252111,1012.497778,0.914934,0,1,2,0.007653
812,75494.000000,24506.000000,27,118579.718030,419090142.561181,1484.522711,0.818213,0,1,2,0.008331
813,73844.000000,26156.000000,22,94239.945920,158815030.710595,1367.348195,1.041032,0,1,2,0.009491
814,79904.000000,20096.000000,30,109051.179018,347661136.850855,1107.182349,1.255005,0,1,2,0.005453
815,76605.000000,23395.000000,23,101707.154088,162223779.454667,1081.258880,0.994969,0,1,2,0.008551
816,82442.000000,17558.000000,32,118109.584813,575000956.279896,1233.133063,1.073382,0,1,2,0.005752
817,68067.000000,31933.000000,21,90667.565855,181735086.652539,1319.307672,0.812093,0,1,2,0.007406
818,75982.000000,24018.000000,27,95289.460773,343634182.180427,1216.376184,1.024611,0,1,2,0.006541
819,66832.000000,33168.000000,17,100115.939006,236820868.647753,1931.846582,1.122349,0,1,2,0.010983
820,65668.000000,34332.000000,20,94599.419660,166192846.224251,1351.798691,0.804370,0,1,4,0.011890
821,67616.000000,32384.000000,19,83864.391738,216887280.097671,1185.755349,1.245945,0,1,3,0.009945
822,87212.000000,12788.000000,38,134932.477553,442593922.340440,1549.760718,1.211751,0,1,1,0.006201
823,89423.000000,10577.000000,42,138572.171465,744847748.180378,1364.843035,1.090239,0,1,3,0.006181
824,73507.000000,26493.000000,18,93982.075106,277794569.540486,1066.691931,0.982626,0,1,2,0.007271
825,70132.000000,29868.000000,20,92359.856026,202994944.984387,1150.539339,0.932676,0,1,2,0.010265
826,72781.000000,27219.000000,26,98166.304567,131722577.203001,1176.834142,1.081794,0,1,2,0.010228
827,67898.000000,32102.000000,20,95005.207596,347177528.869604,1303.999344,0.912781,0,1,2,0.012130
828,70906.000000,29094.000000,21,94819.450437,213925317.971028,1078.453822,1.028168,0,1,2,0.008972
829,69528.000000,30472.000000,23,105342.534300,287954885.401802,1582.750095,0.917059,0,1,2,0.010153
830,74884.000000,25116.000000,26,112381.758015,318217578.808034,1390.772093,0.928418,0,1,2,0.008918
831,74267.000000,25733.000000,21,103863.061965,372468344.798050,1224.694249,1.062837,0,1,2,0.007460
832,89739.000000,10261.000000,38,139585.731104,1268752278.781051,1405.987006,1.011281,0,1,1,0.005223
833,78026.000000,21974.000000,29,112071.151617,222212331.191492,1149.450911,1.024789,0,1,1,0.006880
834,66637.000000,33363.000000,18,223879.004444,1374361106.895717,3182.437000,0.452483,0,1,2,0.020217
835,76046.000000,23954.000000,23,233987.430455,1560781658.059272,3147.475709,0.394266,0,1,2,0.014670
836,87354.000000,12646.000000,37,233269.150602,1637881866.281987,2354.625308,0.473438,0,1,1,0.013998
837,75320.000000,24680.000000,26,228464.789281,1638301455.871237,2692.365859,0.432761,0,1,2,0.024192
838,70011.000000,29989.000000,25,230087.998990,1433639695.314877,3170.135762,0.375343,0,1,2,0.021364
839,68360.000000,31640.000000,20,228785.546091,1363209463.723177,3501.470762,0.358456,0,1,2,0.031061
840,74321.000000,25679.000000,24,231551.854755,1352431671.802987,3082.754839,0.441107,0,1,3,0.022946
841,71122.000000,28878.000000,22,232876.141191,1517998488.516136,3025.106827,0.443160,0,1,3,0.020257
842,67475.000000,32525.000000,22,231432.680442,1354815226.503708,3206.296872,0.370263,0,1,2,0.021741
843,72730.000000,27270.000000,24,230736.491237,1527009349.650321,3209.252518,0.399912,0,1,2,0.024306
844,75622.000000,24378.000000,24,235759.669834,1377685342.322298,3152.622237,0.391661,0,1,2,0.011259
845,99368.000000,632.000000,49,239402.971289,1243785740.284654,2045.453404,0.534849,0,1,1,0.000000
846,69904.000000,30096.000000,24,232848.078390,1665996689.099584,3150.072488,0.431160,0,1,1,0.017861
847,74963.000000,25037.000000,26,234952.203673,1311859194.791846,2883.068266,0.456839,0,1,3,0.018453
848,79414.000000,20586.000000,29,236854.534091,1490927337.832955,2902.963745,0.459108,0,1,1,0.017675
849,75190.000000,24810.000000,25,221237.342781,1674917957.465578,2668.045116,0.493616,0,1,2,0.016012
850,79608.000000,20392.000000,29,224592.595313,1730521728.093242,2637.683870,0.559326,0,1,2,0.013034
851,76732.000000,23268.000000,27,206061.797557,1380940654.079669,2168.247955,0.533754,0,1,2,0.016377
852,73933.000000,26067.000000,26,192134.156301,1372591678.065244,2175.189582,0.659851,0,1,2,0.013885
853,74082.000000,25918.000000,26,205103.980982,1434560630.455848,2524.668695,0.546960,0,1,3,0.025155
854,79498.000000,20502.000000,27,206168.495201,1290311075.828625,2189.505904,0.576742,0,1,3,0.013836
855,81168.000000,18832.000000,30,210430.536796,1715815526.754745,2402.155195,0.615121,0,1,3,0.014841
856,77229.000000,22771.000000,27,219497.349361,1184116053.182925,2412.290518,0.522911,0,1,3,0.021365
857,75384.000000,24616.000000,27,207897.188217,1370104398.991813,2598.592310,0.505849,0,1,2,0.014720
858,80964.000000,19036.000000,30,202970.301671,1541260643.530157,2237.971883,0.656506,0,1,3,0.012347
859,78922.000000,21078.000000,32,194547.009681,1084799641.052413,2010.203025,0.727180,0,1,3,0.019194
860,69986.000000,30014.000000,22,194509.528072,1377170019.946003,2640.071937,0.532591,0,1,3,0.013011
861,82311.000000,17689.000000,30,210325.921176,1182787301.057496,2111.944077,0.518350,0,1,3,0.010528
862,82456.000000,17544.000000,32,207222.291650,1109878047.169427,2205.025079,0.505366,0,1,2,0.017736
863,81271.000000,18729.000000,30,204611.569900,1713254102.072971,2210.368311,0.606796,0,1,1,0.012296
864,77608.000000,22392.000000,26,217342.052943,1217650860.025439,2610.976355,0.572678,0,1,3,0.017877
865,94603.000000,5397.000000,46,224087.584383,1342980013.185852,1989.326770,0.499077,0,1,2,0.005549
866,73378.000000,26622.000000,27,195157.102818,1140299689.051442,2453.906210,0.547642,0,1,2,0.022003
867,75606.000000,24394.000000,27,207882.020216,1133005435.590364,2414.949149,0.516456,0,1,3,0.014403
868,78405.000000,21595.000000,31,216369.379175,1238361873.820858,2242.513610,0.535617,0,1,2,0.014516
869,73727.000000,26273.000000,26,205401.819750,1166536765.835024,2721.960791,0.493046,0,1,3,0.016443
870,72734.000000,27266.000000,22,209151.688995,1379622145.531528,2799.936771,0.482249,0,1,3,0.019833
871,71392.000000,28608.000000,24,215401.166287,1471864715.946641,2715.295104,0.441848,0,1,3,0.011324
872,77854.000000,22146.000000,28,204923.776082,1442401687.580410,2457.001653,0.493984,0,1,2,0.023037
873,75046.000000,24954.000000,28,201590.999281,1368144596.445550,2421.232463,0.592454,0,1,3,0.017831
874,79569.000000,20431.000000,30,214480.153906,1818211719.918267,2457.156351,0.526818,0,1,3,0.016969
875,88947.000000,11053.000000,38,210597.477603,1861979770.748173,2063.250052,0.646970,0,1,3,0.012932
876,69520.000000,30480.000000,23,202092.619854,1351871138.857089,2759.247338,0.453592,0,1,3,0.011302
877,80203.000000,19797.000000,33,215956.586726,1416566541.131150,2187.906460,0.506949,0,1,2,0.012940
878,80831.000000,19169.000000,31,197408.526950,1119016833.405278,2065.407864,0.634882,0,1,2,0.018902
879,70506.000000,29494.000000,22,181091.049323,1007807898.583372,2429.205736,0.536016,0,1,2,0.010122
880,77225.000000,22775.000000,29,202024.837183,1270306199.174593,2365.252282,0.594251,0,1,3,0.011183
881,76981.000000,23019.000000,29,201428.599813,1346944561.649613,2165.682641,0.561144,0,1,4,0.020663
882,74284.000000,25716.000000,27,170737.741500,1106688650.352321,2007.912521,0.619710,0,1,3,0.015131
883,86323.000000,13677.000000,35,214160.329338,1456784321.399410,2160.595166,0.568868,0,1,4,0.015253
884,79668.000000,20332.000000,31,192503.326985,952096764.157449,1913.346423,0.605674,0,1,3,0.011980
885,73384.000000,26616.000000,26,200234.394933,1054935981.384420,2473.546222,0.550065,0,1,3,0.017362
886,75464.000000,24536.000000,29,202340.784864,1045526515.677048,2421.049586,0.530241,0,1,3,0.018911
887,81326.000000,18674.000000,36,216195.815082,1241089829.029721,2330.697172,0.550171,0,1,2,0.014974
888,82199.000000,17801.000000,30,207101.967072,1149261111.763217,2307.995522,0.624124,0,1,3,0.021460
889,84310.000000,15690.000000,34,217976.575590,1307801481.612257,2226.398866,0.533180,0,1,4,0.015284
890,91085.000000,8915.000000,40,212565.867521,1424375217.854183,1976.859194,0.592580,0,1,1,0.021040
891,79428.000000,20572.000000,30,207120.733840,1468108110.569961,2256.478429,0.540253,0,1,5,0.012339
892,76088.000000,23912.000000,26,204351.953743,1265626438.977627,2215.124443,0.538578,0,1,2,0.024092
893,73807.000000,26193.000000,26,136469.135454,472751744.019793,1520.313032,0.864532,0,1,3,0.016161
894,79859.000000,20141.000000,27,117811.013928,760111477.933923,1223.492250,0.902144,0,2,2,0.016752
895,80386.000000,19614.000000,32,151404.774294,840981680.031920,1587.133355,0.831765,0,2,3,0.010920
896,67040.000000,32960.000000,18,106582.120932,412951678.132236,1475.569142,0.916968,0,2,3,0.014856
897,80781.000000,19219.000000,31,155188.021429,502869082.702226,1742.121199,0.863860,0,2,2,0.010171
898,85176.000000,14824.000000,33,152981.322287,821444052.269005,1417.957218,0.995655,0,2,3,0.008831
899,66558.000000,33442.000000,19,108727.197020,241796560.666282,1629.932814,0.845934,0,2,3,0.010154
900,75830.000000,24170.000000,29,210088.185784,1693009071.318287,2651.734170,0.549676,0,2,2,0.015008
901,76980.000000,23020.000000,26,218716.110342,1727616084.407834,2735.699519,0.550749,0,2,3,0.020534
902,76655.000000,23345.000000,26,222633.394885,1257467068.039148,2581.092506,0.540414,0,2,2,0.017923
903,77942.000000,22058.000000,27,195445.941123,1790581706.915896,2095.852803,0.613768,0,2,2,0.023743
904,78319.000000,21681.000000,29,230324.321339,1268491854.794287,2483.178409,0.432856,0,2,2,0.012746
905,81627.000000,18373.000000,29,212167.545960,1634130739.075854,2338.339009,0.538239,0,2,4,0.016991
906,79386.000000,20614.000000,29,150270.336552,707598946.135264,1771.646509,0.826643,0,2,4,0.015671
907,69913.000000,30087.000000,23,163677.289593,1340277870.749065,2475.877320,0.572176,0,2,2,0.025330
908,79504.000000,20496.000000,32,193691.892857,1674576141.229002,2345.419116,0.651171,0,2,2,0.013718
909,80008.000000,19992.000000,29,192999.141349,1145273755.256587,2121.057364,0.602677,0,2,2,0.009842
910,86236.000000,13764.000000,37,180124.207759,1499192558.214042,1853.242350,0.720669,0,2,4,0.009718
911,86948.000000,13052.000000,36,179798.759623,1000020989.445517,1806.496473,0.830913,0,2,1,0.011296
912,75533.000000,24467.000000,28,155472.928621,1247836475.381853,1750.631206,0.835947,0,2,2,0.011771
913,73347.000000,26653.000000,24,174559.598327,1100615423.782253,2338.764630,0.681274,0,2,2,0.014197
914,72314.000000,27686.000000,21,156659.850070,788951473.772910,1873.363471,0.652349,0,2,2,0.010885
915,73139.000000,26861.000000,21,165260.002632,842484508.652639,1862.871607,0.704015,0,2,3,0.012608
916,82255.000000,17745.000000,29,167771.936606,726734807.649367,1847.205378,0.659808,0,2,2,0.014715
917,76423.000000,23577.000000,28,182233.925131,1436092912.730678,1927.433152,0.668002,0,2,3,0.012347
918,77063.000000,22937.000000,25,148800.650821,657259095.370975,1705.385781,0.883661,0,2,3,0.009238
919,81080.000000,18920.000000,30,171601.630917,967399759.919606,1760.212357,0.745370,0,2,3,0.006551
920,75929.000000,24071.000000,26,158226.871490,926611191.149428,1774.900919,0.918624,0,2,3,0.011164
921,79511.000000,20489.000000,26,168347.847441,672438640.810009,2017.924443,0.746350,0,2,7,0.014048
922,70165.000000,29835.000000,21,130875.582303,810732783.531216,1656.255662,0.767939,0,2,7,0.017490
923,88784.000000,11216.000000,38,197674.858802,1296175655.804232,1866.846941,0.737290,0,2,1,0.012793
924,78849.000000,21151.000000,27,183424.403633,1060327780.940867,1938.058659,0.625426,0,2,2,0.014987
925,80231.000000,19769.000000,29,167464.240192,949673930.024047,1696.153625,0.835229,0,2,2,0.017491
926,73539.000000,26461.000000,25,171184.607770,1133419165.540555,2272.196645,0.667431,0,2,3,0.010906
927,76834.000000,23166.000000,28,154595.825851,715785817.766423,1850.660076,0.738179,0,2,7,0.012312
928,89142.000000,10858.000000,38,192437.911008,1417625443.261192,1976.438165,0.681928,0,2,3,0.007305
929,77103.000000,22897.000000,28,178672.522336,920131952.731408,2331.905751,0.656903,0,2,1,0.013358
930,81779.000000,18221.000000,31,186604.408601,1469468157.804733,1838.172201,0.688219,0,2,3,0.013277
931,80855.000000,19145.000000,33,184664.879049,1456284760.573004,1927.057009,0.627211,0,2,1,0.012046
932,82554.000000,17446.000000,32,169520.747220,1417873192.896235,1735.925392,0.800826,0,2,3,0.011756
933,77239.000000,22761.000000,25,147079.163803,661680361.814645,1993.670117,0.977752,0,2,3,0.011740
934,86944.000000,13056.000000,38,198514.793114,1389246645.079880,2001.743629,0.706394,0,2,4,0.013547
935,86352.000000,13648.000000,35,185047.258467,1071615782.509826,1814.406608,0.873662,0,2,3,0.011684
936,77612.000000,22388.000000,26,162584.131637,690412393.729326,1947.320489,0.745747,0,2,3,0.012809
937,77024.000000,22976.000000,30,201147.527822,1852483736.123922,2339.555240,0.560708,0,2,1,0.011841
938,78722.000000,21278.000000,28,184919.787445,956509311.347970,1923.935490,0.781227,0,2,3,0.011600
939,80129.000000,19871.000000,32,208418.657579,1495217359.930559,2100.346986,0.633984,0,2,1,0.016789
940,83968.000000,16032.000000,36,213203.954166,1382011491.088703,2177.535207,0.554429,0,2,2,0.015988
941,76873.000000,23127.000000,28,197828.836242,1102793452.374568,2180.500386,0.658033,0,2,1,0.017607
942,76091.000000,23909.000000,29,208421.345528,1304126344.440835,2832.264101,0.576166,0,2,1,0.019174
943,73526.000000,26474.000000,24,208489.030715,1247649187.915351,2630.862160,0.463083,0,1,2,0.018133
944,78134.000000,21866.000000,25,208123.957118,1287736944.035279,1919.191133,0.573685,0,1,2,0.009499
945,91800.000000,8200.000000,42,217004.372265,1245718447.218248,1940.009400,0.627914,0,1,2,0.011933
946,76036.000000,23964.000000,24,187759.458180,823202828.622609,2386.910508,0.578557,0,1,2,0.014551
947,70006.000000,29994.000000,25,195343.502338,1419250479.709828,2764.340299,0.488457,0,1,2,0.017082
948,76139.000000,23861.000000,25,190103.478515,1205652085.485068,2258.323007,0.615219,0,1,1,0.020647
949,80241.000000,19759.000000,30,200332.247616,1150771295.483953,2285.923023,0.636320,0,1,1,0.016286
950,71389.000000,28611.000000,24,176900.710809,1112412504.691711,2258.154914,0.681197,0,1,3,0.016200
951,81003.000000,18997.000000,28,192409.914890,1208619161.307878,2026.753403,0.662055,0,1,2,0.014434
952,84566.000000,15434.000000,35,212842.908852,1514032527.636220,2276.847508,0.540621,0,1,2,0.009946
953,69898.000000,30102.000000,22,213954.038044,1091897929.250833,2994.134994,0.466367,0,1,3,0.017265
954,74340.000000,25660.000000,25,160712.461126,743222220.251857,1986.142412,0.684077,0,1,2,0.014376
955,83914.000000,16086.000000,31,184522.676493,1298422603.799082,1932.678657,0.660659,0,1,2,0.011869
956,75910.000000,24090.000000,28,177441.889320,927231622.127175,1595.547271,0.723728,0,1,3,0.019766
957,91993.000000,8007.000000,42,222990.740415,1214838744.360576,2070.029136,0.561241,0,1,2,0.011336
958,73336.000000,26664.000000,23,189172.800788,1318440074.860744,2443.796319,0.598539,0,1,2,0.030586
959,70127.000000,29873.000000,23,183752.904927,1445134219.371981,2503.658166,0.611893,0,1,2,0.015728
960,76886.000000,23114.000000,30,208212.162904,1157494079.188782,2358.511505,0.645025,0,1,2,0.018969
961,76942.000000,23058.000000,28,203520.413475,1295755022.327004,2359.062316,0.596651,0,1,2,0.016183
962,80115.000000,19885.000000,29,209379.370961,1305976391.139445,2267.354355,0.609364,0,1,3,0.015570
963,75918.000000,24082.000000,27,151962.066790,677016580.887593,1576.831306,0.762299,0,1,3,0.014566
964,82683.000000,17317.000000,31,177241.417640,1636773585.255028,1764.893122,0.859926,0,1,3,0.010225
965,74274.000000,25726.000000,27,160044.096294,756745444.263728,2036.511127,0.789440,0,1,2,0.012592
966,75317.000000,24683.000000,24,171037.217856,1329180893.537329,1952.320758,0.719291,0,1,3,0.018475
967,80190.000000,19810.000000,29,160376.602163,800367226.526544,1756.220026,0.800355,0,1,2,0.012187
968,83722.000000,16278.000000,34,192049.653727,1378900612.943524,2042.701679,0.720853,0,1,1,0.008893
969,80758.000000,19242.000000,33,164082.316677,968854801.313249,1901.006776,0.732990,0,1,3,0.010478
970,84126.000000,15874.000000,36,200804.899217,922836059.916915,1804.710117,0.784797,0,1,1,0.014648
971,76755.000000,23245.000000,29,177098.360868,1036598451.228239,2153.266389,0.746370,0,1,2,0.012642
972,81621.000000,18379.000000,34,177160.107694,1120868238.106633,1752.604324,0.746838,0,1,2,0.013218
973,81790.000000,18210.000000,30,183399.614856,1376095163.581791,2000.886891,0.690270,0,1,2,0.006287
974,70545.000000,29455.000000,20,129996.526842,590180178.184083,1684.444180,0.722955,0,1,3,0.017388
975,71861.000000,28139.000000,23,139407.222604,776294630.003922,1714.581243,0.779850,0,1,3,0.015790
976,75773.000000,24227.000000,27,162828.256433,1344002506.595043,1905.583453,0.686161,0,1,3,0.010987
977,73883.000000,26117.000000,28,163512.906423,1024474523.757543,2055.331770,0.765696,0,1,2,0.014674
978,78720.000000,21280.000000,33,172003.731661,990967314.555924,1992.540336,0.725018,0,1,2,0.015835
979,85359.000000,14641.000000,35,184640.798806,1052737157.118630,1715.681423,0.611765,0,1,2,0.012013
980,83665.000000,16335.000000,33,175283.436901,1826606599.117733,1734.717846,0.859780,0,1,2,0.013634
981,79777.000000,20223.000000,35,172919.776042,901719462.627045,1756.401264,0.692649,0,1,3,0.013968
982,75323.000000,24677.000000,25,152117.888520,715485580.869504,2097.070931,0.826765,0,1,3,0.010346
983,79229.000000,20771.000000,27,169212.205984,972666535.085758,1766.223931,0.795724,0,1,3,0.013612
984,79880.000000,20120.000000,28,189814.572858,1548106599.282561,2436.904620,0.772232,0,1,2,0.014815
985,78682.000000,21318.000000,32,192352.109750,1461932028.950648,1928.516738,0.647177,0,1,1,0.010523
986,76937.000000,23063.000000,30,191431.381633,1184316758.148806,1836.322695,0.690974,0,1,2,0.012010
987,83734.000000,16266.000000,30,184627.572662,1048439900.207365,2021.619318,0.834189,0,1,2,0.017296
988,87068.000000,12932.000000,36,173971.956001,643263954.738479,1906.294892,0.785124,0,1,2,0.011626
989,81422.000000,18578.000000,27,141336.868521,423252995.017970,1535.414105,0.894643,0,1,2,0.019072
990,73593.000000,26407.000000,25,172251.227505,1358345489.277642,2421.864293,0.739708,0,1,2,0.013365
991,79166.000000,20834.000000,31,185847.806567,951143898.163535,2090.617139,0.647860,0,1,2,0.012785
992,77537.000000,22463.000000,33,164908.451791,866290776.058612,1901.643906,0.622489,0,1,1,0.005923
993,78125.000000,21875.000000,27,154332.231096,1486337514.354682,1693.767458,0.732993,0,1,2,0.010227
994,83889.000000,16111.000000,35,200472.339534,1356345701.720106,2343.053119,0.707523,0,1,2,0.010504
995,77294.000000,22706.000000,30,178388.214511,1126107926.089116,2021.746994,0.687011,0,1,2,0.013508
996,73267.000000,26733.000000,26,162378.819754,1102659763.310681,1969.171149,0.799926,0,1,2,0.008582
997,86931.000000,13069.000000,36,176772.434073,1001581589.303069,1869.781560,0.899223,0,1,1,0.011258
998,90300.000000,9700.000000,40,175918.338667,1109304432.190956,1709.907310,0.928761,0,1,2,0.012773
999,73201.000000,26799.000000,25,148351.731405,655106833.101585,1829.012010,0.719368,0,1,3,0.016955
1000,73403.000000,26597.000000,25,158844.625837,1075254810.168461,2352.816678,0.885651,0,1,2,0.013974
1001,79779.000000,20221.000000,28,151361.227840,669587886.733193,1657.312385,0.856627,0,1,3,0.014948
1002,75652.000000,24348.000000,25,181422.946225,1010596595.422642,2243.922875,0.767999,0,1,3,0.011564
1003,86147.000000,13853.000000,34,157652.321147,862614728.868879,1756.272509,0.963001,0,1,2,0.014213
1004,80135.000000,19865.000000,32,188942.371501,1176656859.170732,2349.442660,0.577853,0,1,2,0.017074
1005,78014.000000,21986.000000,30,181543.624870,1386395544.454286,2176.174104,0.700463,0,1,2,0.010004
1006,75329.000000,24671.000000,25,175546.304547,881853500.457776,2038.203735,0.780706,0,1,3,0.008811
1007,77421.000000,22579.000000,29,190642.514988,939471800.642128,2075.275000,0.622425,0,1,2,0.020244
1008,79803.000000,20197.000000,29,170023.233553,914739349.912940,2185.876601,0.803799,0,1,2,0.015075
1009,82442.000000,17558.000000,30,158469.809412,492707099.205207,1694.111319,0.750722,0,1,2,0.010070
1010,77963.000000,22037.000000,31,181012.788493,1419046457.449012,1999.797241,0.610670,0,1,1,0.021238
1011,78357.000000,21643.000000,29,211588.252628,1249745766.532452,2531.166611,0.571753,0,1,3,0.013869
1012,82145.000000,17855.000000,33,222428.853096,1796864022.934197,2730.314104,0.548748,0,1,2,0.013816
1013,80704.000000,19296.000000,32,223485.273339,1285967022.678747,2463.070084,0.517485,0,1,2,0.018321
1014,76895.000000,23105.000000,26,230785.583284,1454523769.031752,2956.757753,0.437042,0,1,2,0.020827
1015,82097.000000,17903.000000,29,221005.208826,1381338628.413794,2541.227204,0.491672,0,1,2,0.020019
1016,79124.000000,20876.000000,29,223750.689089,1634151442.811370,2614.180325,0.505881,0,1,2,0.025472
1017,76961.000000,23039.000000,31,225894.148616,1236574761.775193,2737.542718,0.463789,0,1,4,0.018500
1018,82225.000000,17775.000000,31,209730.964677,1378698275.197163,2196.555784,0.593565,0,1,1,0.018037
1019,80073.000000,19927.000000,29,222106.276450,1334837150.965688,2495.007023,0.549524,0,1,2,0.019994
1020,81192.000000,18808.000000,30,218821.919688,1328028704.395768,2521.825261,0.652604,0,1,3,0.014141
1021,81272.000000,18728.000000,33,209705.632507,1768704499.283478,2455.224007,0.660604,0,1,3,0.019604
1022,80759.000000,19241.000000,29,203365.341288,1895062019.969956,2346.828121,0.605640,0,1,3,0.012743
1023,84864.000000,15136.000000,34,227985.149544,1931401443.214322,2177.337803,0.479795,0,1,4,0.011370
1024,85148.000000,14852.000000,34,220041.075041,1855595942.389951,2301.164195,0.571006,0,1,2,0.035322
1025,76783.000000,23217.000000,29,205998.861208,1404054510.870062,2326.513172,0.495821,0,1,4,0.034791
1026,97949.000000,2051.000000,47,231878.360280,1254465323.210439,2144.276218,0.536717,0,1,4,0.006261
1027,76847.000000,23153.000000,29,227779.281805,1487793272.465798,2405.549852,0.411016,0,1,4,0.015083
1028,81516.000000,18484.000000,32,223300.353821,1407012863.981629,2451.320139,0.499052,0,1,3,0.018912
1029,74720.000000,25280.000000,27,224759.367119,1589766276.841707,2741.267770,0.441460,0,1,3,0.015632
1030,90366.000000,9634.000000,39,224405.852853,1733588310.880973,2238.699769,0.652441,0,1,2,0.019736
1031,82580.000000,17420.000000,32,216662.273088,1403715534.398126,2298.634995,0.603402,0,1,3,0.019952
1032,88969.000000,11031.000000,39,231308.572406,1644759133.174405,2328.405359,0.519212,0,1,3,0.009010
1033,81132.000000,18868.000000,32,216997.661028,1165423761.135952,2356.528470,0.602060,0,1,3,0.037214
1034,80592.000000,19408.000000,30,227628.123816,1374136846.282817,2502.566876,0.441804,0,1,3,0.014077
1035,79766.000000,20234.000000,30,224220.257411,1472513580.398869,2434.412103,0.472269,0,1,3,0.012277
1036,85572.000000,14428.000000,32,234878.568378,1750030578.292155,2568.471932,0.553447,0,1,3,0.011211
1037,73704.000000,26296.000000,24,231101.050818,1746140016.465321,2763.674105,0.544608,0,1,3,0.025425
1038,73755.000000,26245.000000,26,232097.512638,1950177150.744269,2910.795460,0.401837,0,1,3,0.024132
1039,65900.000000,34100.000000,16,230217.385871,1970192129.610699,3960.282011,0.347263,0,1,3,0.016358
1040,72139.000000,27861.000000,23,227729.958420,1968960998.861735,3043.442772,0.461045,0,1,3,0.015314
1041,71587.000000,28413.000000,22,233703.120805,1604868737.772158,3183.328315,0.379825,0,1,3,0.020793
1042,86678.000000,13322.000000,37,233653.006953,1691298422.801838,2453.443329,0.487117,0,1,1,0.029586
1043,76167.000000,23833.000000,27,230455.681687,1951111901.563672,2743.883596,0.476403,0,1,3,0.018717
1044,68049.000000,31951.000000,19,232405.540130,1616694192.847267,4001.941272,0.367887,0,1,3,0.019021
1045,67464.000000,32536.000000,18,221931.575500,1872753094.169378,3896.486204,0.375830,0,1,3,0.017881
1046,69558.000000,30442.000000,16,229726.148454,1852206297.900011,3451.928481,0.584367,0,1,3,0.016909
1047,71686.000000,28314.000000,24,234801.464637,1682525221.190446,3117.259649,0.496432,0,1,3,0.015326
1048,71214.000000,28786.000000,22,230097.980143,2055104417.712914,3090.209820,0.455756,0,1,4,0.026877
1049,74431.000000,25569.000000,23,229346.408229,1923643402.983225,3302.729220,0.450174,0,1,3,0.017003
1050,65184.000000,34816.000000,18,229956.642082,1831357943.702222,3444.270100,0.444460,0,1,3,0.021937
1051,77828.000000,22172.000000,29,232793.183648,1766741196.533783,2602.536252,0.440468,0,1,1,0.035741
1052,85471.000000,14529.000000,30,233529.593553,1895427806.601644,2541.207085,0.630340,0,1,4,0.013614
1053,75803.000000,24197.000000,28,233596.978892,1719518384.431694,2753.282908,0.455085,0,1,2,0.017637
1054,64905.000000,35095.000000,18,234092.483565,1763708786.667510,3949.942236,0.379806,0,1,3,0.018151
1055,77677.000000,22323.000000,23,232357.475672,1980529352.604020,2739.703061,0.562416,0,1,4,0.017712
1056,78992.000000,21008.000000,29,232046.621877,2070589975.446257,2562.134383,0.537572,0,1,3,0.018414
1057,71907.000000,28093.000000,24,233784.754448,1958764368.697405,3302.400860,0.518880,0,1,3,0.021850
1058,73509.000000,26491.000000,21,232304.124651,1861208860.062853,3390.512430,0.432082,0,1,2,0.032001
1059,69176.000000,30824.000000,21,232304.348320,1550666389.516097,3628.770245,0.388422,0,1,3,0.015170
1060,63241.000000,36759.000000,14,228731.242448,1871996614.971884,4054.248728,0.368591,0,1,3,0.020232
1061,74147.000000,25853.000000,23,229428.534920,2106498412.926514,3174.463432,0.519506,0,1,3,0.024157
1062,69581.000000,30419.000000,22,227817.844031,1896147863.646694,3178.925974,0.421260,0,1,2,0.017007
1063,70710.000000,29290.000000,20,230111.340435,2153510718.252569,3544.465238,0.480548,0,1,3,0.015798
1064,72783.000000,27217.000000,20,232671.211839,1869955974.326777,2966.717125,0.461108,0,1,3,0.013097
1065,74248.000000,25752.000000,23,234990.772329,1578973696.449313,2837.394983,0.448975,0,1,3,0.018509
1066,73568.000000,26432.000000,22,228858.483872,1855370742.844955,2813.896998,0.434291,0,1,3,0.019205
1067,67685.000000,32315.000000,20,230074.064146,1752627526.703603,4294.030528,0.421820,0,1,3,0.018316
1068,75395.000000,24605.000000,24,229669.070169,2322618816.006840,3248.400890,0.499822,0,1,2,0.023584
1069,66107.000000,33893.000000,16,228464.479618,2107664799.421299,3498.307838,0.582102,0,1,3,0.018056
1070,94999.000000,5001.000000,44,231298.085814,1994068271.856522,1930.864720,0.632358,0,1,3,0.006785
1071,70349.000000,29651.000000,23,230535.481768,1571715848.694960,3147.235099,0.469310,0,1,3,0.015531
1072,74528.000000,25472.000000,24,230060.371915,1765431416.341324,2804.483859,0.628906,0,1,2,0.026702
1073,72779.000000,27221.000000,23,228847.821144,1803243062.917986,2512.371784,0.530975,0,1,3,0.024583
1074,68157.000000,31843.000000,17,229118.269485,1831768715.385201,3567.821282,0.487754,0,1,2,0.015564
1075,69218.000000,30782.000000,20,220823.097613,2608685833.332883,3485.204242,0.484148,0,1,3,0.027107
1076,68528.000000,31472.000000,22,208363.565544,2424449712.791163,3172.631997,0.401468,0,1,3,0.022684
1077,70895.000000,29105.000000,20,213190.101148,2479087884.291166,3616.738242,0.435806,0,1,2,0.029956
1078,75843.000000,24157.000000,29,233613.906217,1922157913.454952,2983.253839,0.427965,0,1,3,0.014166
1079,74240.000000,25760.000000,26,225637.416297,2023216648.922461,2966.227603,0.481159,0,1,3,0.015631
1080,74644.000000,25356.000000,23,223230.064253,1665518173.139400,3073.114931,0.581819,0,1,2,0.020143
1081,73473.000000,26527.000000,22,231729.762763,1685816041.129411,3068.283874,0.435365,0,1,3,0.017307
1082,70399.000000,29601.000000,16,233960.525483,1679492222.951453,3214.697874,0.491333,0,1,3,0.021933
1083,69930.000000,30070.000000,20,231815.843266,1954009324.403744,3233.901303,0.467052,0,1,3,0.016296
1084,76510.000000,23490.000000,26,224538.835300,2207595784.553200,2701.651673,0.534345,0,1,3,0.012508
1085,77863.000000,22137.000000,26,222664.143033,2316329280.090027,2625.576466,0.595469,0,1,3,0.016289
1086,80773.000000,19227.000000,26,229596.387805,2110206237.483036,2902.627764,0.444067,0,1,3,0.013689
1087,75668.000000,24332.000000,28,163308.228401,1558831736.432208,1875.822447,0.662322,0,1,3,0.026495
1088,73569.000000,26431.000000,27,143305.468967,575577690.874779,1742.105858,0.790791,0,1,3,0.031780
1089,80858.000000,19142.000000,30,201018.686607,1621840189.556538,1976.939266,0.610980,0,1,3,0.024823
1090,77952.000000,22048.000000,28,196411.310296,1554332999.940949,2382.479938,0.510548,0,1,2,0.015866
1091,78610.000000,21390.000000,26,186634.109857,1614719617.116181,2177.522844,0.558979,0,1,3,0.013260
1092,74411.000000,25589.000000,24,163442.055752,958793446.701737,1898.323710,0.593180,0,1,3,0.022404
1093,77737.000000,22263.000000,28,191983.570952,1555905547.548724,1936.206511,0.697623,0,1,3,0.017241
1094,75678.000000,24322.000000,27,183475.902924,1246834715.261240,2411.601206,0.736543,0,1,3,0.009713
1095,75240.000000,24760.000000,26,187566.555412,1271740574.292507,2548.695940,0.519048,0,1,3,0.019611
1096,75462.000000,24538.000000,23,170392.261167,987610683.843938,2315.005771,0.734675,0,1,3,0.011870
1097,78930.000000,21070.000000,28,199375.175393,1190518950.196573,2307.041471,0.534135,0,1,4,0.013372
1098,89269.000000,10731.000000,40,225995.261985,1718205573.217574,2157.024605,0.522926,0,1,3,0.002741
1099,79027.000000,20973.000000,29,206093.220583,2242226093.696064,2399.394748,0.658492,0,1,2,0.023708
1100,79500.000000,20500.000000,30,203412.662004,1799181914.022933,2317.961805,0.583161,0,1,4,0.013361
1101,75654.000000,24346.000000,29,198981.076968,1495110226.638003,2506.205283,0.614970,0,1,5,0.012648
1102,82894.000000,17106.000000,32,191543.610023,1205700658.320907,2164.067713,0.757841,0,1,3,0.014719
1103,76940.000000,23060.000000,28,208004.335643,1695596892.568991,2318.779590,0.513973,0,1,3,0.025616
1104,74060.000000,25940.000000,25,182347.280661,1100494603.388536,2108.786895,0.657887,0,1,3,0.019346
1105,82873.000000,17127.000000,35,209963.143201,1563040710.253891,2196.411027,0.558924,0,1,3,0.014760
1106,96759.000000,3241.000000,46,217934.099578,2279361510.116478,1903.275323,0.548594,0,1,0,0.005292
1107,79376.000000,20624.000000,26,217909.152016,1700228173.263949,2505.002805,0.514175,0,1,2,0.016802
1108,84920.000000,15080.000000,34,209843.911267,1526115849.932412,2243.706274,0.607499,0,1,3,0.018942
1109,75099.000000,24901.000000,26,206084.045669,1390434645.021152,2635.019990,0.526113,0,1,2,0.025522
1110,77648.000000,22352.000000,28,185108.918785,1277929321.469296,1977.773955,0.625757,0,1,3,0.025834
1111,79368.000000,20632.000000,30,192974.724043,1731419785.186248,2086.220098,0.580761,0,1,1,0.019391
1112,77364.000000,22636.000000,29,195768.796089,1794649485.823977,2401.063417,0.507056,0,1,1,0.022431
1113,77006.000000,22994.000000,31,188973.334197,1343893819.208735,2061.654573,0.573268,0,1,2,0.019883
1114,74788.000000,25212.000000,26,209006.397479,1897187123.857199,2410.719771,0.543075,0,1,2,0.015646
1115,70343.000000,29657.000000,23,192619.731773,1282350163.239718,2467.633855,0.481803,0,1,4,0.028222
1116,79269.000000,20731.000000,31,217396.618754,1279404884.108114,2254.776677,0.595992,0,1,4,0.013018
1117,77832.000000,22168.000000,27,197693.041513,1881765273.032256,2323.414800,0.547295,1,1,2,0.015830
1118,68180.000000,31820.000000,22,200607.174110,1772861365.646085,2966.488714,0.404229,1,1,2,0.012895
1119,78203.000000,21797.000000,30,196851.529519,1597007597.022256,2292.758216,0.684454,1,1,4,0.014667
1120,74996.000000,25004.000000,27,191423.690791,1355049528.460734,2517.721677,0.622503,1,1,5,0.012983
1121,74423.000000,25577.000000,26,213838.919244,1558602575.636573,2380.555486,0.439889,1,1,2,0.017464
1122,74754.000000,25246.000000,26,200961.491082,1378412811.608927,2605.573758,0.535736,1,1,3,0.027747
1123,73427.000000,26573.000000,26,188409.389195,1739719310.327978,2412.107615,0.695480,1,1,3,0.019427
1124,82434.000000,17566.000000,31,199244.393612,1451515808.886947,2190.199289,0.592412,1,1,3,0.018499
1125,75178.000000,24822.000000,27,207558.656297,1936020003.247914,2614.947219,0.522919,1,1,4,0.024740
1126,82188.000000,17812.000000,30,211485.238394,1608922914.324013,2141.867210,0.553291,1,1,4,0.012043
1127,83759.000000,16241.000000,32,221803.222539,1831557117.184089,2222.725894,0.572717,1,1,5,0.019071
1128,77466.000000,22534.000000,27,201472.864648,1984335706.585696,2197.751603,0.568736,1,1,3,0.032891
1129,75197.000000,24803.000000,27,198461.321350,1623058315.822566,2356.179605,0.614244,1,1,3,0.020616
1130,75086.000000,24914.000000,27,210458.569036,1692213930.364763,2482.929666,0.536110,1,1,5,0.036147
1131,83382.000000,16618.000000,33,201497.043115,1606491794.503452,2113.922083,0.769852,1,1,2,0.031260
1132,70107.000000,29893.000000,23,199829.052553,1648126924.523631,2920.312116,0.565390,1,1,4,0.019241
1133,76807.000000,23193.000000,30,197134.281397,1783049669.706384,2261.253801,0.638958,1,1,5,0.019186
1134,72657.000000,27343.000000,26,201928.989920,1270515748.689382,2827.728002,0.525419,1,1,3,0.033862
1135,76038.000000,23962.000000,26,205224.565656,1626189682.954289,2504.638129,0.571396,1,1,3,0.015371
1136,81082.000000,18918.000000,30,199659.441646,1359289856.209302,2239.827496,0.566769,1,1,3,0.025188
1137,71124.000000,28876.000000,24,203801.883876,1895598598.542893,2805.224993,0.641841,1,1,4,0.025869
1138,76063.000000,23937.000000,30,199165.037833,2330500313.849937,2229.796722,0.644664,1,1,2,0.019327
1139,76906.000000,23094.000000,29,216640.781147,1746734632.857893,2222.732984,0.573024,1,1,2,0.034773
1140,81347.000000,18653.000000,35,220060.306330,1752287477.869472,2458.418036,0.519462,1,1,4,0.015232
1141,76710.000000,23290.000000,27,184977.968876,1258511693.910003,2202.518013,0.585039,1,1,4,0.021878
1142,85498.000000,14502.000000,36,221665.926786,1964800960.738940,2370.371384,0.534231,1,1,2,0.014382
1143,78269.000000,21731.000000,28,198115.197391,1792845748.584822,2432.844259,0.604641,1,1,2,0.041512
1144,78095.000000,21905.000000,29,191534.482756,1551062609.010839,2257.827033,0.692666,1,1,2,0.018371
1145,89951.000000,10049.000000,39,220612.179344,1954996486.757777,2251.230394,0.528352,1,1,4,0.019409
1146,79651.000000,20349.000000,32,200675.461468,1721075152.900107,2334.843045,0.527809,1,1,2,0.017475
1147,83462.000000,16538.000000,33,192703.520033,1374983401.451350,2100.926029,0.700713,1,1,2,0.014080
1148,71519.000000,28481.000000,22,202888.893762,2010977492.010837,2928.150183,0.496904,1,1,4,0.017484
1149,80223.000000,19777.000000,29,218615.630610,1627641333.642744,2546.907648,0.536487,1,1,5,0.012293
1150,77038.000000,22962.000000,27,209619.309446,2254169238.050536,2650.617045,0.470173,1,1,2,0.023630
1151,75436.000000,24564.000000,25,204174.790377,1678088930.127911,2450.107474,0.635005,1,1,4,0.034620
1152,93917.000000,6083.000000,43,225992.558991,1574290804.726220,2048.532647,0.504578,1,1,3,0.021096
1153,74104.000000,25896.000000,26,192613.447655,1451784831.868488,2233.783345,0.589220,1,1,2,0.017339
1154,87993.000000,12007.000000,38,212094.407276,1668785261.885248,2352.004551,0.607367,1,1,4,0.017631
1155,93822.000000,6178.000000,44,222637.860357,2214878352.138873,1938.827101,0.665093,1,1,5,0.004963
1156,81880.000000,18120.000000,32,217423.617316,1716421234.790482,2246.587327,0.568149,1,1,3,0.013746
1157,81280.000000,18720.000000,32,207065.974650,1730574268.304139,2314.410750,0.528028,1,1,2,0.036374
1158,77639.000000,22361.000000,29,202273.873275,1736348052.972376,2233.594769,0.608602,1,1,2,0.024481
1159,76706.000000,23294.000000,27,210953.869143,2038653100.319869,2488.340914,0.528352,1,1,2,0.014638
1160,84734.000000,15266.000000,31,217019.612524,2151508660.892388,2220.430476,0.554968,1,1,5,0.018674
1161,80299.000000,19701.000000,28,198308.499820,1648202549.472880,2284.746873,0.788076,1,1,2,0.013731
1162,73862.000000,26138.000000,25,209800.488220,1666079244.449220,2590.490242,0.535150,1,1,4,0.018705
1163,74376.000000,25624.000000,27,164552.583197,954055224.514433,2145.416652,0.845035,1,1,5,0.020182
1164,74821.000000,25179.000000,27,187178.174931,1541516832.889304,2443.916165,0.486015,1,1,2,0.022017
1165,81082.000000,18918.000000,31,198811.465334,1365607094.047877,2282.845367,0.638918,1,1,5,0.033413
1166,77592.000000,22408.000000,29,207347.640905,1458940361.564441,2392.123016,0.565816,1,1,2,0.021177
1167,75812.000000,24188.000000,28,214355.360268,2025963186.642131,2749.376738,0.488667,1,1,2,0.015723
1168,88057.000000,11943.000000,36,215810.794880,2024388880.940432,2262.438774,0.576072,1,1,1,0.014473
1169,88958.000000,11042.000000,39,219838.136836,1686716242.203532,2271.046116,0.538531,1,1,1,0.023783
1170,73635.000000,26365.000000,26,209481.895176,1592529614.754250,2491.780405,0.445249,1,1,4,0.031972
1171,77795.000000,22205.000000,28,201722.049943,1608883786.041933,2403.752857,0.650554,1,1,4,0.021618
1172,86075.000000,13925.000000,37,216825.874566,1551656349.568834,2007.950114,0.667868,1,1,2,0.015594
1173,77200.000000,22800.000000,29,207904.319937,1712487739.372998,2482.565755,0.602613,1,1,2,0.028546
1174,85253.000000,14747.000000,37,220649.570589,1833515279.093999,2243.943428,0.550911,1,1,1,0.022455
1175,77663.000000,22337.000000,27,212910.038564,1623161909.458075,2503.498991,0.527996,1,1,2,0.015574
1176,66895.000000,33105.000000,22,208783.102531,1745673719.970180,3461.619261,0.436950,1,1,2,0.022802
1177,72178.000000,27822.000000,24,201055.641489,1583706284.125769,2379.306429,0.522058,1,1,2,0.023768
1178,75208.000000,24792.000000,26,198862.985030,1987400799.070931,2322.674512,0.549842,1,1,4,0.030188
1179,78859.000000,21141.000000,28,201749.008886,1728946710.338023,2275.371878,0.516070,1,1,2,0.038831
1180,74377.000000,25623.000000,25,198525.553823,1602466834.402086,2235.997663,0.593189,1,1,3,0.011749
1181,77379.000000,22621.000000,28,203157.155471,1960707758.429742,2253.324618,0.628359,1,1,2,0.021801
1182,71474.000000,28526.000000,23,197990.035284,1387851070.562878,2937.400365,0.511643,1,1,3,0.018322
1183,73720.000000,26280.000000,26,200005.175947,1657016670.470828,2284.661381,0.467293,1,1,6,0.011341
1184,75874.000000,24126.000000,25,207416.623708,1757535102.220165,2617.329551,0.566120,1,1,2,0.031046
1185,95688.000000,4312.000000,47,224695.055100,2059872976.789394,2111.632355,0.561958,1,1,1,0.008031
1186,75906.000000,24094.000000,26,209349.799713,1299239906.148562,2792.556427,0.523049,1,1,2,0.024506
1187,78962.000000,21038.000000,28,222369.186274,1917221651.286223,2506.877300,0.519391,1,1,3,0.027444
1188,71078.000000,28922.000000,27,196381.318379,2071107540.526197,2547.563462,0.580753,1,1,2,0.045168
1189,85830.000000,14170.000000,34,209769.687474,1566303330.449710,1964.127309,0.610482,1,1,2,0.030767
1190,75981.000000,24019.000000,26,205633.773169,1986716872.045166,2337.086667,0.539701,1,1,3,0.021526
1191,80546.000000,19454.000000,28,219187.403337,2027775895.230428,2705.379249,0.587044,1,1,6,0.029283
1192,76459.000000,23541.000000,27,191099.415991,1607234312.944687,2159.416630,0.617481,1,1,6,0.018272
1193,75248.000000,24752.000000,26,214414.578335,1690815076.876788,2637.432665,0.496138,1,1,3,0.017591
1194,69849.000000,30151.000000,24,198308.416749,2315877816.379305,3121.075221,0.564748,1,1,2,0.043561
1195,77524.000000,22476.000000,29,212492.806811,2219898234.693676,2573.080958,0.534315,1,1,3,0.018889
1196,79687.000000,20313.000000,30,222939.986577,1524142499.716914,2710.322499,0.490410,1,1,6,0.015784
1197,91479.000000,8521.000000,38,234316.945776,1454438351.326266,2306.815320,0.505394,1,1,2,0.009463
1198,85674.000000,14326.000000,33,228284.385096,1366561808.613103,2278.680489,0.490058,1,1,2,0.019433
1199,89894.000000,10106.000000,41,228910.351341,1514455461.328095,2050.047007,0.486026,1,1,3,0.006761
1200,76006.000000,23994.000000,27,206908.348107,1494883905.629466,2388.114681,0.489103,1,1,8,0.015718
1201,74319.000000,25681.000000,24,155007.383694,660738106.284324,1942.280010,0.621657,1,1,2,0.012186
1202,75244.000000,24756.000000,28,191456.847104,1063966279.233675,2262.234881,0.661949,1,1,2,0.007325
1203,94903.000000,5097.000000,45,202392.228202,1349206556.318765,1928.280445,0.684271,1,1,1,0.014435
1204,74276.000000,25724.000000,26,160492.211604,744218809.257560,1898.649562,0.840623,1,1,5,0.014792
1205,74220.000000,25780.000000,24,180712.042697,996427220.666280,2557.282494,0.648667,1,1,4,0.013514
1206,75488.000000,24512.000000,26,165334.995505,1000992528.725616,2213.948674,0.724105,0,1,2,0.014903
1207,81109.000000,18891.000000,30,169170.948147,1031912925.752219,1834.197607,0.712313,0,1,2,0.013612
1208,75987.000000,24013.000000,25,197463.329663,1293655815.044878,2138.834136,0.624968,0,1,3,0.011505
1209,78961.000000,21039.000000,30,178432.151373,1105576652.863940,1879.421874,0.750294,0,1,4,0.010462
1210,83576.000000,16424.000000,32,182245.770636,1165670241.018755,2167.033528,0.890115,0,1,2,0.009346
1211,72811.000000,27189.000000,25,163570.170660,1089501574.796363,2176.705350,0.697798,0,1,6,0.019485
1212,65894.000000,34106.000000,20,141607.049566,565762747.793957,2247.116856,0.663265,0,1,3,0.012689
1213,79112.000000,20888.000000,27,179604.238599,1223305080.950323,2134.675248,0.677483,0,1,2,0.015237
1214,73653.000000,26347.000000,23,193344.898608,1018259104.554697,2485.402881,0.539901,0,1,2,0.010493
1215,69468.000000,30532.000000,22,145577.699605,621814804.206708,2029.477225,0.878963,0,1,3,0.014346
1216,77472.000000,22528.000000,29,167465.363349,1127578923.373026,1875.132952,0.749684,0,1,3,0.014392
1217,72121.000000,27879.000000,22,173116.434948,843882598.873823,2194.652990,0.676504,0,1,2,0.017028
1218,87976.000000,12024.000000,38,199583.206807,1668248844.914877,1648.075558,0.687976,0,1,2,0.008848
1219,76616.000000,23384.000000,27,154236.714178,826444339.534947,1827.241717,0.849867,0,1,2,0.018048
1220,75160.000000,24840.000000,27,189560.114919,1755390838.678275,2345.309408,0.669137,0,1,2,0.008800
1221,71622.000000,28378.000000,20,146361.015797,718516568.234499,1981.533821,0.675866,0,1,2,0.019196
1222,76681.000000,23319.000000,28,183155.127775,1662046517.996177,2400.254659,0.702073,0,1,2,0.019236
1223,76677.000000,23323.000000,28,179493.167511,887648890.026566,2077.594108,0.636537,0,1,2,0.017360
1224,94340.000000,5660.000000,45,207599.130042,1300829241.133750,1939.258832,0.728734,0,1,4,0.010293
1225,75120.000000,24880.000000,27,189623.096159,1107818061.525535,1909.080953,0.576410,0,1,2,0.019652
1226,73385.000000,26615.000000,24,167023.288365,1099996097.791445,1928.128972,0.684653,0,1,4,0.013817
1227,76345.000000,23655.000000,25,174845.949064,839003881.359063,1936.917629,0.823866,0,1,2,0.010989
1228,83176.000000,16824.000000,32,186411.156781,1062754387.752447,1929.346670,0.688904,0,1,2,0.013359
1229,75692.000000,24308.000000,28,166714.662355,1355144525.104536,1923.514502,0.667279,0,1,2,0.010482
1230,94716.000000,5284.000000,46,198979.538320,1436798257.872553,1738.229031,0.717787,0,1,2,0.007521
1231,79133.000000,20867.000000,31,148164.839476,678084105.247793,1808.725951,0.880565,0,1,3,0.013583
1232,73469.000000,26531.000000,23,171016.483905,853134017.216552,2289.501214,0.738300,0,1,4,0.010861
1233,86574.000000,13426.000000,37,189224.363789,1713545519.090136,1666.987842,0.670976,0,1,2,0.013523
1234,73130.000000,26870.000000,26,177424.105785,1143075235.400017,2279.043395,0.713152,0,1,2,0.018652
1235,74210.000000,25790.000000,27,161098.046076,769106858.254179,2346.417283,0.804207,0,1,2,0.021650
1236,75618.000000,24382.000000,26,179751.761267,724171148.520836,2153.001748,0.600335,0,1,2,0.019435
1237,76735.000000,23265.000000,27,159963.384043,1160406576.982053,1961.082393,0.810571,0,1,5,0.014435
1238,73599.000000,26401.000000,26,156369.619966,761861731.376523,1943.057972,0.616711,0,1,4,0.014983
1239,73552.000000,26448.000000,23,167923.634662,1413570076.470952,1970.506071,0.668577,0,1,4,0.021247
1240,70521.000000,29479.000000,18,158391.572588,756865739.899018,1971.490876,0.642011,0,1,4,0.017248
1241,77793.000000,22207.000000,26,156640.341771,653165897.390774,1830.063960,0.908846,0,1,4,0.015097
1242,76541.000000,23459.000000,25,172863.908355,668179790.975299,1892.153902,0.813299,0,1,4,0.010916
1243,70766.000000,29234.000000,24,157467.855683,793769230.723887,2138.367088,0.755304,0,1,5,0.014719
1244,76001.000000,23999.000000,26,169643.796405,878274317.986890,1983.202585,0.732489,0,1,4,0.014066
1245,70910.000000,29090.000000,21,157031.060978,577547662.448552,1916.061186,0.750015,0,1,5,0.010691
1246,80564.000000,19436.000000,30,165556.817986,1027780450.347435,1794.456184,0.776431,0,1,3,0.014758
1247,69927.000000,30073.000000,22,160452.750303,771472081.994475,2120.287284,0.651838,0,1,2,0.011678
1248,77423.000000,22577.000000,29,161923.154272,1019114105.174146,1992.465707,0.881071,0,1,3,0.008247
1249,72750.000000,27250.000000,23,169762.141028,1253447542.827666,2090.467494,0.546504,0,1,4,0.013041
1250,74799.000000,25201.000000,28,167652.786377,1214707054.668217,2168.344183,0.674111,0,1,3,0.008956
